-6.1889191873419690e-04 -1.0740811559234733e-03 0.0000000000000000e+00
-2.8391919383236909e-03 -2.0579440406140945e-03 0.0000000000000000e+00
-2.6791488223681611e-03 -3.9172556970078374e-03 0.0000000000000000e+00
-6.2679435155778051e-03 -4.3163395829739597e-03 0.0000000000000000e+00
-1.1496013455645009e-02 -8.0822764597888435e-03 0.0000000000000000e+00
-1.8850019342517954e-02 -1.1774169872968488e-02 0.0000000000000000e+00
-3.2048824593785004e-02 -2.8215426549543867e-02 0.0000000000000000e+00
-1.4427241812442591e-02 -8.2036251735864794e-03 0.0000000000000000e+00
-2.6698486659313143e-02 -2.6457490235955648e-02 0.0000000000000000e+00
-4.7425725321013482e-02 -7.3415855506876182e-02 0.0000000000000000e+00
-6.2591568715115134e-02 -1.0802728953902159e-01 0.0000000000000000e+00
-6.7260917898922898e-02 -1.2229078083004907e-01 0.0000000000000000e+00
-6.3020909457160296e-02 -1.1664446042371147e-01 0.0000000000000000e+00
-5.6515830333917660e-02 -1.0750190813429052e-01 0.0000000000000000e+00
-5.3288649955472611e-02 -1.0341891741042823e-01 0.0000000000000000e+00
-5.1939769562609719e-02 -1.0083460048853235e-01 0.0000000000000000e+00
-5.0702506968352136e-02 -9.7334535666214958e-02 0.0000000000000000e+00
-5.0264285061771476e-02 -9.3389976894990942e-02 0.0000000000000000e+00
-5.0500072814458875e-02 -8.9792745223448683e-02 0.0000000000000000e+00
-5.1246926777681466e-02 -8.7186995012850113e-02 0.0000000000000000e+00
-5.3003194851756759e-02 -8.5987480561127275e-02 0.0000000000000000e+00
-5.4397675161799088e-02 -8.3819054594581208e-02 0.0000000000000000e+00
-5.3200841649633991e-02 -7.9012806843647990e-02 0.0000000000000000e+00
-5.1120888262264116e-02 -7.3240530024175673e-02 0.0000000000000000e+00
-4.6182331272125086e-02 -6.5314428328901789e-02 0.0000000000000000e+00
-3.9274907853326740e-02 -5.1659640605717309e-02 0.0000000000000000e+00
-2.9416742764875776e-02 -3.2492448492101492e-02 0.0000000000000000e+00
-2.0979841591164020e-02 -1.9653508062799911e-02 0.0000000000000000e+00
-1.6143651501173247e-02 -1.2552796501189005e-02 0.0000000000000000e+00
-1.6990507111405453e-02 -2.5641779168199590e-02 0.0000000000000000e+00
-2.5299936544049235e-02 -4.5560708942486657e-02 0.0000000000000000e+00
-3.4734023672888768e-02 -7.4027079115380298e-02 0.0000000000000000e+00
-4.5075511948088620e-02 -1.0619587517494498e-01 0.0000000000000000e+00
-5.0633911809292095e-02 -1.2919985742700321e-01 0.0000000000000000e+00
-5.3520631266938984e-02 -1.4292439280984959e-01 0.0000000000000000e+00
-5.8159793912976945e-02 -1.5638903035737012e-01 0.0000000000000000e+00
-5.7955408112843422e-02 -1.4262121526146562e-01 0.0000000000000000e+00
-5.1489976972940839e-02 -1.1758268099651782e-01 0.0000000000000000e+00
-6.0051015725889612e-02 -1.2952869337052711e-01 0.0000000000000000e+00
-7.7115250423857640e-02 -1.5052831780644035e-01 0.0000000000000000e+00
-9.3373650888160520e-02 -1.6128210183686348e-01 0.0000000000000000e+00
-9.2938565995112438e-02 -1.5238237762626192e-01 0.0000000000000000e+00
-1.0371647470072691e-01 -1.4699696159545664e-01 0.0000000000000000e+00
-7.6539650334303586e-02 -1.1749941823218983e-01 0.0000000000000000e+00
-7.0076043947059172e-02 -9.9318622508014764e-02 0.0000000000000000e+00
-7.3450457647091724e-02 -8.7041803443740906e-02 0.0000000000000000e+00
-4.7383415505838453e-02 -6.0503155101313398e-02 0.0000000000000000e+00
-2.9342598918405439e-02 -4.3262657199060126e-02 0.0000000000000000e+00
-2.3714273844917463e-02 -3.1397778978545829e-02 0.0000000000000000e+00
-2.2521294377541912e-02 -2.5589670204745566e-02 0.0000000000000000e+00
-1.9200511241996978e-02 -1.7453127688354490e-02 0.0000000000000000e+00
-1.4037569658172475e-02 -1.4876406945954037e-02 0.0000000000000000e+00
-1.8517362700832651e-02 -2.7973759946973261e-02 0.0000000000000000e+00
-2.8487859316725605e-02 -4.4763267901035408e-02 0.0000000000000000e+00
-3.1807712744636917e-02 -5.1329731727186703e-02 0.0000000000000000e+00
-3.2224739110864292e-02 -5.0580708705075070e-02 0.0000000000000000e+00
-2.9214412076506477e-02 -4.2335396808778188e-02 0.0000000000000000e+00
-2.4930731997233578e-02 -2.9867202802696429e-02 0.0000000000000000e+00
-9.4257224062974463e-03 2.3306124482491992e-03 0.0000000000000000e+00
7.8568239873459660e-03 3.6939217479208246e-02 0.0000000000000000e+00
3.6725275310290663e-02 9.1968760693504722e-02 0.0000000000000000e+00
4.0181843228807905e-02 9.7840601720181219e-02 0.0000000000000000e+00
1.5031455938716324e-02 3.4222726618123783e-02 0.0000000000000000e+00
1.1540827710165940e-02 3.2825654202930273e-02 0.0000000000000000e+00
4.7132236250901332e-03 1.6966491249440052e-02 0.0000000000000000e+00
-2.3405791251033042e-03 3.0700614038861726e-03 0.0000000000000000e+00
-1.1743165649437509e-02 -2.1917008620030289e-02 0.0000000000000000e+00
-2.0293255939390627e-02 -3.5454745502019436e-02 0.0000000000000000e+00
-3.1742689303462419e-02 -6.1546274199776013e-02 0.0000000000000000e+00
-4.3694586832310291e-02 -8.8476701539304578e-02 0.0000000000000000e+00
-6.7683606966272999e-02 -1.0946581689693158e-01 0.0000000000000000e+00
-8.5823418271744681e-02 -1.5371708500248249e-01 0.0000000000000000e+00
-1.0326006776464215e-01 -1.9922553398355899e-01 0.0000000000000000e+00
-1.0729082188607787e-01 -2.3161608863699401e-01 0.0000000000000000e+00
-1.3337995297047087e-01 -2.6563580605558773e-01 0.0000000000000000e+00
-1.0016893341702907e-01 -2.8205652712860541e-01 0.0000000000000000e+00
-2.6272527806658519e-01 -4.6899903629465767e-01 0.0000000000000000e+00
-2.7263099366814414e-01 -5.3431148581070342e-01 0.0000000000000000e+00
-2.1791418737702103e-01 -4.6792089383529678e-01 0.0000000000000000e+00
-4.3693006342511442e-01 -7.6531399742231387e-01 0.0000000000000000e+00
-4.6420300444683649e-01 -7.7328054793886525e-01 0.0000000000000000e+00
-3.7675497971935401e-01 -6.6596527049155241e-01 0.0000000000000000e+00
-2.9521499150944719e-01 -5.2469851618842300e-01 0.0000000000000000e+00
-3.8751644042127398e-01 -6.6495267868284047e-01 0.0000000000000000e+00
-4.3779446515150749e-01 -7.3535622304566561e-01 0.0000000000000000e+00
-2.2425188999933351e-01 -3.8255130584678293e-01 0.0000000000000000e+00
-1.1861317175597905e-01 -1.6816600456390440e-01 0.0000000000000000e+00
-3.5748872209807516e-03 4.3888563288732120e-02 0.0000000000000000e+00
8.6304755235710295e-02 2.0951187528669055e-01 0.0000000000000000e+00
1.8340878919044376e-01 4.0551978453202198e-01 0.0000000000000000e+00
2.2994561582882053e-01 5.2400767030820627e-01 0.0000000000000000e+00
2.8792454337846135e-01 6.7142810797880825e-01 0.0000000000000000e+00
4.4233067782381869e-01 1.0944592218003788e+00 0.0000000000000000e+00
3.2349243566462699e-01 8.0338080315445792e-01 0.0000000000000000e+00
2.3136449948673746e-01 5.8472582305938170e-01 0.0000000000000000e+00
1.0619019540951424e-01 2.7864006843438671e-01 0.0000000000000000e+00
1.1274507331540172e-01 2.8740702837327092e-01 0.0000000000000000e+00
9.5866610116546638e-02 2.5837875644441227e-01 0.0000000000000000e+00
2.1789565706461896e-02 1.0150312245771062e-01 0.0000000000000000e+00
1.1000081409383617e-02 5.0784825774479597e-02 0.0000000000000000e+00
-1.7214356863151811e-02 -1.6648684830050144e-02 0.0000000000000000e+00
-3.4544196330204523e-02 -6.3223410628515039e-02 0.0000000000000000e+00
-3.4563744030238132e-02 -7.9521376338966165e-02 0.0000000000000000e+00
-1.2114437978321828e-01 -1.7160719984300324e-01 0.0000000000000000e+00
-7.2467335767409616e-02 -1.5560385740541710e-01 0.0000000000000000e+00
-9.7777240414023830e-02 -2.0300403085856736e-01 0.0000000000000000e+00
-1.5839521101485846e-01 -3.2143634395597342e-01 0.0000000000000000e+00
-2.0311388353373400e-01 -4.1279885257593335e-01 0.0000000000000000e+00
-2.2109750068415790e-01 -4.7235566969193854e-01 0.0000000000000000e+00
-3.0427226960940273e-01 -6.4813902042371119e-01 0.0000000000000000e+00
-4.4812001064833912e-01 -9.8571468849727728e-01 0.0000000000000000e+00
-3.0817149252381015e-01 -8.9232908111032516e-01 0.0000000000000000e+00
-5.0358076177394107e-01 -1.1094714148991323e+00 0.0000000000000000e+00
-5.7659686986969594e-01 -1.1684710987786755e+00 0.0000000000000000e+00
-2.8893051492546978e-01 -6.9051484448344524e-01 0.0000000000000000e+00
-3.8468918317679379e-01 -8.1299802176883074e-01 0.0000000000000000e+00
-5.0814687665341818e-01 -9.9096498949571465e-01 0.0000000000000000e+00
-5.3605924399916682e-01 -1.0060003741932442e+00 0.0000000000000000e+00
-2.9397549150452157e-01 -5.3290126266949089e-01 0.0000000000000000e+00
-2.8833470870331862e-01 -4.9445267442414170e-01 0.0000000000000000e+00
-1.9865362919584278e-01 -3.2664054396289666e-01 0.0000000000000000e+00
-7.7460445896777530e-02 -1.0743127387858732e-01 0.0000000000000000e+00
8.1239487273467526e-02 1.9134944128087558e-01 0.0000000000000000e+00
2.7730826209081016e-01 5.7956204419585611e-01 0.0000000000000000e+00
2.1909709975850986e-01 5.5132473387999081e-01 0.0000000000000000e+00
1.9703680126604084e-01 4.6443878002155919e-01 0.0000000000000000e+00
2.2984819569630527e-01 5.1254754766180211e-01 0.0000000000000000e+00
7.8953453601310886e-01 2.0395900543567249e+00 0.0000000000000000e+00
5.6820278791019385e-01 1.3769936184992251e+00 0.0000000000000000e+00
4.3739495838605197e-01 1.1340955525388383e+00 0.0000000000000000e+00
2.6301811323827506e-01 6.0446898015956163e-01 0.0000000000000000e+00
1.8661186288731801e-01 4.5058306936222325e-01 0.0000000000000000e+00
1.8060330352218126e-01 4.6919418716742411e-01 0.0000000000000000e+00
2.1799434919175156e-01 5.8876697221934760e-01 0.0000000000000000e+00
1.1489342487520485e-01 3.2762232665570507e-01 0.0000000000000000e+00
1.0057246765359952e-01 2.6616939964053060e-01 0.0000000000000000e+00
8.9372211965485948e-02 2.0697023651321658e-01 0.0000000000000000e+00
7.1391329478660226e-02 1.6356606091238884e-01 0.0000000000000000e+00
5.8735136998203624e-02 1.3211428980053103e-01 0.0000000000000000e+00
8.9565594135362914e-02 2.5652628387314358e-01 0.0000000000000000e+00
3.7826053661549570e-02 8.0114572889326843e-02 0.0000000000000000e+00
3.6216008132532687e-02 1.0616233492078911e-01 0.0000000000000000e+00
1.2753092909983157e-02 1.4989259672282937e-02 0.0000000000000000e+00
-7.1093737127041028e-03 -4.6958407269405963e-02 0.0000000000000000e+00
-2.6635228066355390e-02 -1.1795401921509786e-01 0.0000000000000000e+00
-6.8624818497546328e-02 -2.4657170083342253e-01 0.0000000000000000e+00
-1.5090279663417855e-01 -4.9982092501474723e-01 0.0000000000000000e+00
-3.5017029995288557e-01 -8.7073292161018756e-01 0.0000000000000000e+00
-4.9955927349180457e-01 -1.2409707567015593e+00 0.0000000000000000e+00
-2.6393430607791962e-01 -9.9140590979048326e-01 0.0000000000000000e+00
-4.0580688915083951e-01 -1.1896846818782307e+00 0.0000000000000000e+00
-5.9012630161379120e-01 -1.4051606647066979e+00 0.0000000000000000e+00
-4.1596163485249771e-01 -1.0901200844745296e+00 0.0000000000000000e+00
-2.6043627252718482e-01 -7.4504256515552225e-01 0.0000000000000000e+00
-2.5142328449725571e-01 -6.6454747484929821e-01 0.0000000000000000e+00
-2.3952705377047970e-01 -5.8318904121310233e-01 0.0000000000000000e+00
-2.6194671579497603e-01 -5.7201368791572538e-01 0.0000000000000000e+00
-2.3070611158369075e-01 -4.6627320186219945e-01 0.0000000000000000e+00
-1.6039972403481778e-01 -2.9808357006042241e-01 0.0000000000000000e+00
-8.7455619825124425e-02 -1.3830088612871233e-01 0.0000000000000000e+00
4.5340100586980965e-03 4.4237993127141481e-02 0.0000000000000000e+00
1.6966584590704809e-01 3.8147591253402169e-01 0.0000000000000000e+00
2.0019860457122954e-01 4.7689331260688694e-01 0.0000000000000000e+00
2.0175993492202160e-01 4.9140599046956523e-01 0.0000000000000000e+00
1.9325190044122409e-01 4.0906095469669856e-01 0.0000000000000000e+00
4.8751327126361810e-01 1.1471676755301545e+00 0.0000000000000000e+00
7.4594505340411055e-01 1.7970798388743492e+00 0.0000000000000000e+00
6.2461136188440591e-01 1.5637235048855984e+00 0.0000000000000000e+00
2.7554801195166184e-01 6.2696788092329836e-01 0.0000000000000000e+00
2.7326664937087725e-01 6.1849750148289784e-01 0.0000000000000000e+00
2.4516561837002596e-01 5.5756879288529793e-01 0.0000000000000000e+00
3.0385276782254517e-01 6.9434410849980144e-01 0.0000000000000000e+00
2.6766229279533077e-01 6.4965398459699464e-01 0.0000000000000000e+00
1.3207715736982656e-01 3.3670120323119901e-01 0.0000000000000000e+00
9.8671198020761006e-02 2.6855174226813860e-01 0.0000000000000000e+00
8.8199502100996072e-02 1.9905975182731847e-01 0.0000000000000000e+00
6.5702933854705423e-02 1.4191337203543239e-01 0.0000000000000000e+00
5.0537229740921272e-02 1.0328714289844206e-01 0.0000000000000000e+00
5.0334369371998797e-02 1.0762635418378695e-01 0.0000000000000000e+00
2.3902954259591578e-02 4.0205844688383098e-02 0.0000000000000000e+00
1.1656721398531387e-02 3.3078861456368337e-03 0.0000000000000000e+00
1.0156654847214041e-03 -2.5700000628772444e-02 0.0000000000000000e+00
-1.3836697011632617e-02 -7.0802896440906510e-02 0.0000000000000000e+00
-2.5822711956514387e-02 -1.0878519913000510e-01 0.0000000000000000e+00
-4.5394745752545963e-02 -1.7706619501899035e-01 0.0000000000000000e+00
-6.8131130047123387e-02 -2.5873725492354732e-01 0.0000000000000000e+00
-2.2266191737139632e-01 -4.9533246532378272e-01 0.0000000000000000e+00
-3.4636186076639280e-01 -7.5827445368172597e-01 0.0000000000000000e+00
-4.6537988693437760e-01 -1.0176528278719703e+00 0.0000000000000000e+00
-4.6984948518124453e-01 -1.0573101207770568e+00 0.0000000000000000e+00
-5.4955788581831877e-01 -1.1345604938837806e+00 0.0000000000000000e+00
-5.4396368338096834e-01 -1.1386164245024659e+00 0.0000000000000000e+00
-1.9696774283415783e-01 -5.8769873097387293e-01 0.0000000000000000e+00
-2.3909800560883582e-01 -6.3157378231521732e-01 0.0000000000000000e+00
-3.1245494446318478e-01 -7.2705287928783657e-01 0.0000000000000000e+00
-3.7716602022287254e-01 -8.1963197518522080e-01 0.0000000000000000e+00
-2.4339149484813000e-01 -5.5335401727051481e-01 0.0000000000000000e+00
-1.9146312254922471e-01 -4.0865053722342354e-01 0.0000000000000000e+00
-1.5799606633326382e-01 -2.9991159612250889e-01 0.0000000000000000e+00
-8.1408768844682872e-02 -1.4302822207202914e-01 0.0000000000000000e+00
-4.8396017668486018e-03 9.2077966452821340e-03 0.0000000000000000e+00
1.0253900372168526e-01 2.2822183964316908e-01 0.0000000000000000e+00
1.2798458712674968e-01 2.9105523398140526e-01 0.0000000000000000e+00
1.5132264208562746e-01 3.6744396912634342e-01 0.0000000000000000e+00
1.9724111365356362e-01 4.6786191251890125e-01 0.0000000000000000e+00
2.1800679229945530e-01 4.7556842769882035e-01 0.0000000000000000e+00
5.1234702609722627e-01 1.2693749197497253e+00 0.0000000000000000e+00
3.9363738964346767e-01 9.1414916387568335e-01 0.0000000000000000e+00
1.7544611883150973e-01 3.9386409664107291e-01 0.0000000000000000e+00
1.6300292043903061e-01 3.6706134312238520e-01 0.0000000000000000e+00
1.0024569413032136e-01 2.9500050891301316e-01 0.0000000000000000e+00
2.1957966868853968e-01 5.4596896367070169e-01 0.0000000000000000e+00
1.1202110867664704e-01 3.0237294097304440e-01 0.0000000000000000e+00
9.0283446365559225e-02 2.1987787183919019e-01 0.0000000000000000e+00
7.1353491788416087e-02 1.7750648631387603e-01 0.0000000000000000e+00
5.6015193268841267e-02 1.3924325322195022e-01 0.0000000000000000e+00
1.5966701369791586e-02 4.9192708626115314e-02 0.0000000000000000e+00
2.2258044318266529e-02 5.9750360297404569e-02 0.0000000000000000e+00
1.6585433959352885e-02 4.0999981771028593e-02 0.0000000000000000e+00
-1.0396780716505027e-02 -1.1701093144720471e-02 0.0000000000000000e+00
-2.2860191493687031e-02 -4.9385754129276656e-02 0.0000000000000000e+00
-3.6437362978152948e-02 -8.4986329284063286e-02 0.0000000000000000e+00
-4.1720892535452865e-02 -1.0533414230805009e-01 0.0000000000000000e+00
-4.7365987768084865e-02 -1.3177899497199844e-01 0.0000000000000000e+00
-5.0975589623727460e-02 -1.6512056940233721e-01 0.0000000000000000e+00
-6.7227701315108399e-02 -2.3545226654857479e-01 0.0000000000000000e+00
-2.1107184820103794e-01 -4.1499103335174425e-01 0.0000000000000000e+00
-3.1342410077516997e-01 -6.2716752036202827e-01 0.0000000000000000e+00
-4.0762448933270512e-01 -8.0034311344662534e-01 0.0000000000000000e+00
-4.9371468910272659e-01 -9.5036751038614931e-01 0.0000000000000000e+00
-5.2969432285043327e-01 -1.0096139886715823e+00 0.0000000000000000e+00
-2.1740052913309843e-01 -5.6349771789440817e-01 0.0000000000000000e+00
-3.2146744034953117e-01 -7.1340071816364281e-01 0.0000000000000000e+00
-4.6083053008363911e-01 -9.0314934176647566e-01 0.0000000000000000e+00
-5.8097954131272023e-01 -1.0582567214151350e+00 0.0000000000000000e+00
-4.5315377014725650e-01 -8.9877899241019210e-01 0.0000000000000000e+00
-4.6120134746489472e-01 -8.8143470679884917e-01 0.0000000000000000e+00
-3.6905169549455719e-01 -6.9187822072118388e-01 0.0000000000000000e+00
-3.1171815289995530e-01 -5.1999502155348976e-01 0.0000000000000000e+00
-1.3787905500807476e-01 -2.1469123731866413e-01 0.0000000000000000e+00
4.9876867002504786e-02 1.4089698059150235e-01 0.0000000000000000e+00
2.0181536776698691e-01 4.3180996693791296e-01 0.0000000000000000e+00
2.1914079590010047e-01 4.8684124150693059e-01 0.0000000000000000e+00
2.8201227681162244e-01 6.4386909496904443e-01 0.0000000000000000e+00
2.6637120212920928e-01 5.7929715473990739e-01 0.0000000000000000e+00
5.7772526739003771e-01 1.4304627063654209e+00 0.0000000000000000e+00
4.4050377527691087e-01 1.0444454365300089e+00 0.0000000000000000e+00
2.2961029196277069e-01 5.1728721207540307e-01 0.0000000000000000e+00
1.5652066056205113e-01 3.6423867066166837e-01 0.0000000000000000e+00
1.0402973567068291e-01 2.8171308219121266e-01 0.0000000000000000e+00
9.9156771564682916e-02 2.5489512463527592e-01 0.0000000000000000e+00
6.0696899901025031e-02 1.6876178036884165e-01 0.0000000000000000e+00
2.6833096030594059e-02 9.4524752877772372e-02 0.0000000000000000e+00
3.0108978513256513e-03 3.8172617548666243e-02 0.0000000000000000e+00
-1.8929576752931363e-02 -1.6739845112198271e-02 0.0000000000000000e+00
-3.1985806110444936e-02 -5.2084894286282879e-02 0.0000000000000000e+00
-4.6872325324976517e-02 -8.2355156008715097e-02 0.0000000000000000e+00
-6.8199822221563469e-02 -1.4099562384854361e-01 0.0000000000000000e+00
-8.0928691277119727e-02 -1.5687895755928163e-01 0.0000000000000000e+00
-1.0154529375512125e-01 -2.2400792411510773e-01 0.0000000000000000e+00
-1.0762264602667036e-01 -2.4799983453261670e-01 0.0000000000000000e+00
-7.3483687014780863e-02 -1.7590980696915501e-01 0.0000000000000000e+00
-1.1199166019889885e-01 -2.7175725790669664e-01 0.0000000000000000e+00
-1.0427780406126641e-01 -2.7740668083850906e-01 0.0000000000000000e+00
-2.2850271605122982e-01 -4.1064123473233549e-01 0.0000000000000000e+00
-2.9277731761452980e-01 -5.2278692711411634e-01 0.0000000000000000e+00
-3.6712053532773531e-01 -6.4069323245791387e-01 0.0000000000000000e+00
-4.1671966071623934e-01 -7.3011456637701833e-01 0.0000000000000000e+00
-3.4769211020860674e-01 -6.5815909983857712e-01 0.0000000000000000e+00
-3.3911298903928133e-01 -6.6315427149057748e-01 0.0000000000000000e+00
-4.1600246743980013e-01 -7.6979475981226719e-01 0.0000000000000000e+00
-5.1043003961962818e-01 -9.0050354952624911e-01 0.0000000000000000e+00
-5.5902055491881042e-01 -9.6872300504693076e-01 0.0000000000000000e+00
-5.4246048757895271e-01 -9.4147435488530384e-01 0.0000000000000000e+00
-5.3344741831728781e-01 -9.1948711114413184e-01 0.0000000000000000e+00
-4.2429098877069898e-01 -7.4675450843781233e-01 0.0000000000000000e+00
-2.5389450703254007e-01 -4.6560973470533029e-01 0.0000000000000000e+00
-1.2746264098804241e-01 -2.4986034741221405e-01 0.0000000000000000e+00
-6.4429887869381336e-02 -1.1933362815111465e-01 0.0000000000000000e+00
1.2716291859614906e-02 6.0839431658808611e-02 0.0000000000000000e+00
1.5838351698072245e-01 3.7817328921207954e-01 0.0000000000000000e+00
1.4097926994846999e-01 2.9602920983724540e-01 0.0000000000000000e+00
1.6328012042801043e-01 3.8317642374210226e-01 0.0000000000000000e+00
4.8625604147702012e-01 1.1842915718647244e+00 0.0000000000000000e+00
3.6892284780589263e-01 9.0102067360188254e-01 0.0000000000000000e+00
2.8600640630612373e-01 6.7608698661798361e-01 0.0000000000000000e+00
2.7177946147402238e-01 6.4430261483321349e-01 0.0000000000000000e+00
2.1266202299510650e-01 5.1334326487340243e-01 0.0000000000000000e+00
1.0188181833861037e-01 3.0195626169109413e-01 0.0000000000000000e+00
9.2786123561636930e-02 2.3717254830093315e-01 0.0000000000000000e+00
8.9476567813300698e-02 2.3073680582989206e-01 0.0000000000000000e+00
4.2448679523119204e-02 1.2953305058880696e-01 0.0000000000000000e+00
1.4390457150659387e-02 6.3564783695714139e-02 0.0000000000000000e+00
-1.0204424001507144e-02 8.9974869523416941e-03 0.0000000000000000e+00
-3.3656761385211988e-02 -4.0792109979890578e-02 0.0000000000000000e+00
-4.5126387117683665e-02 -7.5408699948004809e-02 0.0000000000000000e+00
-6.2476801637533476e-02 -1.1716846048628290e-01 0.0000000000000000e+00
-4.0002206362435164e-02 -8.8446559733402569e-02 0.0000000000000000e+00
-5.7082442548340662e-02 -1.3014431837852850e-01 0.0000000000000000e+00
-5.9623379856629889e-02 -1.4528148177278136e-01 0.0000000000000000e+00
-5.6446640236701533e-02 -1.4637178890269245e-01 0.0000000000000000e+00
-5.1680989614123644e-02 -1.4001134465533052e-01 0.0000000000000000e+00
-2.0147759804939511e-01 -3.0094700623321990e-01 0.0000000000000000e+00
-2.4139687908674753e-01 -3.7553561718457462e-01 0.0000000000000000e+00
-2.8674237695343929e-01 -4.6825568429296804e-01 0.0000000000000000e+00
-3.7522793812326594e-01 -6.1784594254109504e-01 0.0000000000000000e+00
-3.8578176606068793e-01 -6.5359208650859490e-01 0.0000000000000000e+00
-4.3512780566725878e-01 -7.3246369540466327e-01 0.0000000000000000e+00
-4.6558728218809708e-01 -7.8591705435527104e-01 0.0000000000000000e+00
-4.9284737548359825e-01 -8.3510152268599847e-01 0.0000000000000000e+00
-4.1251292954042790e-01 -7.3285085360679580e-01 0.0000000000000000e+00
-4.7402828791643875e-01 -8.2054131640438088e-01 0.0000000000000000e+00
-4.6785407151558528e-01 -8.1036081429588114e-01 0.0000000000000000e+00
-3.8663241386069941e-01 -6.8667541383857811e-01 0.0000000000000000e+00
-2.3500822882064185e-01 -4.5091411145281185e-01 0.0000000000000000e+00
-1.3550899096707042e-01 -2.7035953019421316e-01 0.0000000000000000e+00
-7.0009121119836606e-02 -1.5187528919528590e-01 0.0000000000000000e+00
-5.3699029026310872e-02 -7.9581655890371042e-02 0.0000000000000000e+00
1.9229447994487683e-02 7.4846257919837511e-02 0.0000000000000000e+00
9.5122299105379018e-02 2.4059893701170379e-01 0.0000000000000000e+00
2.1717450974032679e-01 5.2322037227930662e-01 0.0000000000000000e+00
1.5673728440017443e-01 3.5646111092643512e-01 0.0000000000000000e+00
8.1969725152849310e-02 1.8622227470995456e-01 0.0000000000000000e+00
8.3064954960513554e-02 1.8728880291553884e-01 0.0000000000000000e+00
1.0592291832224666e-01 2.3820613913392655e-01 0.0000000000000000e+00
1.0611973199918830e-01 2.4117452530605593e-01 0.0000000000000000e+00
8.6709350273985283e-02 1.9986970322152783e-01 0.0000000000000000e+00
1.1603943206929201e-01 2.8690831271234590e-01 0.0000000000000000e+00
8.7057706164625229e-02 2.1739067616608673e-01 0.0000000000000000e+00
1.0108077746770697e-01 2.4665996778785149e-01 0.0000000000000000e+00
9.1126322646008298e-02 2.2054388284774185e-01 0.0000000000000000e+00
6.8975114633596110e-02 1.6881028238380363e-01 0.0000000000000000e+00
5.5682093268186975e-02 1.5323504053142190e-01 0.0000000000000000e+00
8.6687057330180117e-02 2.3339409103212047e-01 0.0000000000000000e+00
3.5801002017116515e-02 1.0921175905784108e-01 0.0000000000000000e+00
6.1757936996272793e-02 1.5279139465989594e-01 0.0000000000000000e+00
6.1136298935912221e-02 1.6387115073700645e-01 0.0000000000000000e+00
3.5523361063039507e-02 9.7533866937385291e-02 0.0000000000000000e+00
3.6306819445867451e-02 8.8013405472210718e-02 0.0000000000000000e+00
2.5381367791924046e-02 6.4299942065401988e-02 0.0000000000000000e+00
5.3500393352630378e-03 9.0345069943458395e-03 0.0000000000000000e+00
-1.8264071564069137e-01 -2.3044508803400793e-01 0.0000000000000000e+00
-2.7180436103301719e-01 -3.9850549413740083e-01 0.0000000000000000e+00
-3.4929231007424449e-01 -5.6929609583225971e-01 0.0000000000000000e+00
-4.1997950754815311e-01 -6.8996330745218659e-01 0.0000000000000000e+00
-4.6017367288949085e-01 -7.6955732772123997e-01 0.0000000000000000e+00
-4.8903198563604861e-01 -8.2311859384691999e-01 0.0000000000000000e+00
-5.0136858305222742e-01 -8.4513350938956389e-01 0.0000000000000000e+00
-5.2413520973137218e-01 -8.8248110736577101e-01 0.0000000000000000e+00
-5.4526524394766462e-01 -9.1379126257398746e-01 0.0000000000000000e+00
-5.1542329111292851e-01 -8.7205213047745578e-01 0.0000000000000000e+00
-2.8894015469212758e-01 -5.3855710191109041e-01 0.0000000000000000e+00
-3.3974809463177869e-01 -6.0756878386544622e-01 0.0000000000000000e+00
-3.9871934288797728e-01 -6.8825504236699364e-01 0.0000000000000000e+00
-2.5019238214951811e-01 -4.4836987231063630e-01 0.0000000000000000e+00
-1.1937725970339000e-01 -2.2170345030061728e-01 0.0000000000000000e+00
-7.4631250321731749e-02 -1.3159867120978366e-01 0.0000000000000000e+00
-1.4130864555850180e-02 -2.1008843795712995e-02 0.0000000000000000e+00
3.4850238707157609e-02 1.0485977950175150e-01 0.0000000000000000e+00
7.2218209780131215e-02 1.4913478947975500e-01 0.0000000000000000e+00
1.9401863446096729e-01 4.1909881380320435e-01 0.0000000000000000e+00
1.7366202795995789e-01 3.7096659214814670e-01 0.0000000000000000e+00
1.6437422950543570e-01 3.7319722805419164e-01 0.0000000000000000e+00
2.4275711788817586e-01 5.6353050076488420e-01 0.0000000000000000e+00
1.4341276236354714e-01 3.7988166236900667e-01 0.0000000000000000e+00
2.5683582159468726e-01 6.0174186743560309e-01 0.0000000000000000e+00
1.9680936994767831e-01 4.6982998514825541e-01 0.0000000000000000e+00
1.5152018348267032e-01 3.7577827765040006e-01 0.0000000000000000e+00
1.3341753330030834e-01 3.2714542812117264e-01 0.0000000000000000e+00
9.9640215622570763e-02 2.5010520296829297e-01 0.0000000000000000e+00
7.4402958843695702e-02 1.9079809478479054e-01 0.0000000000000000e+00
2.5352060891247846e-02 7.9509196228653128e-02 0.0000000000000000e+00
2.1843021627509205e-02 7.0293113116751807e-02 0.0000000000000000e+00
4.9623958832971703e-03 2.7304317780913790e-02 0.0000000000000000e+00
-8.7400815620073923e-03 -8.5519849471804958e-03 0.0000000000000000e+00
-1.7901217153804917e-02 -3.4832000584234871e-02 0.0000000000000000e+00
-3.8718380131463517e-02 -7.0407667522466633e-02 0.0000000000000000e+00
-5.7635701323758955e-02 -1.2895202345602078e-01 0.0000000000000000e+00
-7.9636129242627418e-02 -1.9066197778585828e-01 0.0000000000000000e+00
-8.4205933682625966e-02 -2.1572888275468341e-01 0.0000000000000000e+00
-8.7337690845451330e-02 -2.4634439556145271e-01 0.0000000000000000e+00
-7.2861179191599651e-02 -2.5272472902014975e-01 0.0000000000000000e+00
-1.1663007621854814e-01 -3.2580438444252163e-01 0.0000000000000000e+00
-2.8154682530805958e-01 -5.6137732681396035e-01 0.0000000000000000e+00
-3.7305754621793269e-01 -7.2686518235860853e-01 0.0000000000000000e+00
-4.2836415542829681e-01 -8.1180061411844373e-01 0.0000000000000000e+00
-4.9281132250768428e-01 -9.2142746474830273e-01 0.0000000000000000e+00
-5.5631943706171660e-01 -1.0255533228034270e+00 0.0000000000000000e+00
-4.3615031719594510e-01 -8.7353933814136531e-01 0.0000000000000000e+00
-6.0141097024353585e-01 -1.0973528320573815e+00 0.0000000000000000e+00
-6.5540393464669422e-01 -1.1733030893684906e+00 0.0000000000000000e+00
