5.2590093146795269e+01 0.0000000000000000e+00 0.0000000000000000e+00
5.2801904491902107e+01 -2.0857813883640664e-06 0.0000000000000000e+00
5.2773569377170489e+01 -1.3705448167522936e-05 0.0000000000000000e+00
5.2786416154177793e+01 -4.9436080567105815e-05 0.0000000000000000e+00
5.2844193716622463e+01 -1.4969608742380162e-04 0.0000000000000000e+00
5.2822765590388805e+01 -4.6788094851121353e-04 0.0000000000000000e+00
5.2883069099416019e+01 -1.5683272542974817e-03 0.0000000000000000e+00
5.4826934631253671e+01 -5.3016094197274729e-03 0.0000000000000000e+00
5.4881909854553470e+01 -8.5634929403621499e-03 0.0000000000000000e+00
5.4984767135867699e+01 -1.1181537408148689e-02 0.0000000000000000e+00
5.5246907716026257e+01 -1.1752414868215525e-02 0.0000000000000000e+00
5.5446536413027665e+01 -8.1360036588748238e-03 0.0000000000000000e+00
5.5487774725727419e+01 8.2292069315651980e-04 0.0000000000000000e+00
5.5400178941567631e+01 1.3526953332199698e-02 0.0000000000000000e+00
5.5016909484913384e+01 2.5647620862684035e-02 0.0000000000000000e+00
5.4603327292233764e+01 3.5107492935390450e-02 0.0000000000000000e+00
5.4134785357497471e+01 4.0245327828391159e-02 0.0000000000000000e+00
5.3605782355031806e+01 3.9744975263861310e-02 0.0000000000000000e+00
5.3126874827782792e+01 3.2555091458671109e-02 0.0000000000000000e+00
5.2720696359542181e+01 1.8214451893564989e-02 0.0000000000000000e+00
5.2397853533309757e+01 -2.1850612720660145e-03 0.0000000000000000e+00
5.2222740030085681e+01 -2.5962889071340436e-02 0.0000000000000000e+00
5.2284806888026978e+01 -4.8400296930061384e-02 0.0000000000000000e+00
5.2466510655755116e+01 -6.4313902933306244e-02 0.0000000000000000e+00
5.2796665911907375e+01 -7.2848443671625393e-02 0.0000000000000000e+00
5.3188233086097782e+01 -7.4990871027048600e-02 0.0000000000000000e+00
5.3703378265958186e+01 -7.1497899996937411e-02 0.0000000000000000e+00
5.4430881342060914e+01 -6.3515941292903319e-02 0.0000000000000000e+00
5.5294298155987548e+01 -5.2415301243492481e-02 0.0000000000000000e+00
5.5987665743818205e+01 -4.0806449787101108e-02 0.0000000000000000e+00
5.6948227508213115e+01 -3.2321938846073414e-02 0.0000000000000000e+00
5.7584507200073908e+01 -2.9249118254672041e-02 0.0000000000000000e+00
5.7569337701563398e+01 -3.0748498460008895e-02 0.0000000000000000e+00
5.7154075835858130e+01 -3.1445333622725447e-02 0.0000000000000000e+00
5.5927294893708932e+01 -2.4885414061197333e-02 0.0000000000000000e+00
5.4603539588681883e+01 -5.7338805473286470e-03 0.0000000000000000e+00
5.3423592472784584e+01 3.3934284170118761e-02 0.0000000000000000e+00
5.3382296783897928e+01 9.4461383953860736e-02 0.0000000000000000e+00
5.2731310683838302e+01 1.4266001199457276e-01 0.0000000000000000e+00
5.1600488882967348e+01 1.8122559740123687e-01 0.0000000000000000e+00
5.1572692419482870e+01 2.2034185589035804e-01 0.0000000000000000e+00
5.1420035191677776e+01 2.5067677398537902e-01 0.0000000000000000e+00
5.1205670182144843e+01 2.7063483478638528e-01 0.0000000000000000e+00
5.1122031564497682e+01 2.7798110234242773e-01 0.0000000000000000e+00
5.1140177824557306e+01 2.6924168312852176e-01 0.0000000000000000e+00
5.1039235050949429e+01 2.4587555513618603e-01 0.0000000000000000e+00
5.0881997808222557e+01 2.1096461590720453e-01 0.0000000000000000e+00
5.0923098800810180e+01 1.5918788027692735e-01 0.0000000000000000e+00
5.0989976036101645e+01 7.9175394461828003e-02 0.0000000000000000e+00
5.1078805620451554e+01 -4.5173773185601326e-02 0.0000000000000000e+00
5.1322049914157404e+01 -2.4955817013244774e-01 0.0000000000000000e+00
5.2406616330814863e+01 -5.2486716291198399e-01 0.0000000000000000e+00
5.1806620055394554e+01 -6.7732071267406080e-01 0.0000000000000000e+00
5.1747175607118479e+01 -7.8271106420159220e-01 0.0000000000000000e+00
5.1798159482147433e+01 -8.5766955475964635e-01 0.0000000000000000e+00
5.1884006162501919e+01 -8.9923166372372954e-01 0.0000000000000000e+00
5.2088484158622755e+01 -8.9251507141764064e-01 0.0000000000000000e+00
5.2408265713295393e+01 -8.1268652773222272e-01 0.0000000000000000e+00
5.3695328753783748e+01 -6.1863473499726229e-01 0.0000000000000000e+00
5.5131630112135142e+01 -3.0326390674944181e-01 0.0000000000000000e+00
5.9391913934911550e+01 1.3548403344156645e-01 0.0000000000000000e+00
6.0185604605065691e+01 4.2946432706268334e-01 0.0000000000000000e+00
6.0055809664228391e+01 6.6867238953014729e-01 0.0000000000000000e+00
6.1211380599249814e+01 9.0125665079183703e-01 0.0000000000000000e+00
6.2637992214980457e+01 1.1438578735986529e+00 0.0000000000000000e+00
6.3615438808614563e+01 1.3752798598783869e+00 0.0000000000000000e+00
6.4083081970032907e+01 1.5692951435462366e+00 0.0000000000000000e+00
6.4536025553908729e+01 1.7297749321515568e+00 0.0000000000000000e+00
6.4990335265107760e+01 1.8576081936384670e+00 0.0000000000000000e+00
6.5342231326037279e+01 1.9500334930255312e+00 0.0000000000000000e+00
6.5339994708995604e+01 1.9905822346151640e+00 0.0000000000000000e+00
6.5036995798871729e+01 1.9690288854281055e+00 0.0000000000000000e+00
6.4406745149883349e+01 1.8782369573491222e+00 0.0000000000000000e+00
6.3663898226223097e+01 1.7195970013847475e+00 0.0000000000000000e+00
6.2537768248490217e+01 1.4492542169432434e+00 0.0000000000000000e+00
6.0456343540047527e+01 9.7105056385800237e-01 0.0000000000000000e+00
5.7631084131845817e+01 2.1870939728076819e-01 0.0000000000000000e+00
5.3989535145005526e+01 -5.5556254160359420e-01 0.0000000000000000e+00
5.1509411283840734e+01 -1.1236003780675585e+00 0.0000000000000000e+00
4.9396792221846354e+01 -1.5577405861975151e+00 0.0000000000000000e+00
4.6918264999222998e+01 -1.8775143879274905e+00 0.0000000000000000e+00
4.4531056879160737e+01 -2.0762007987554472e+00 0.0000000000000000e+00
4.2618170503753305e+01 -2.1703239387585502e+00 0.0000000000000000e+00
4.1146402799748529e+01 -2.2011516128313096e+00 0.0000000000000000e+00
3.9959676853901072e+01 -2.1778504044327853e+00 0.0000000000000000e+00
3.8617433233737913e+01 -2.0759191271324489e+00 0.0000000000000000e+00
3.5987442047111841e+01 -1.8344247499164272e+00 0.0000000000000000e+00
3.6015484786141229e+01 -1.6495131540157772e+00 0.0000000000000000e+00
3.6226598730697148e+01 -1.3678537952632275e+00 0.0000000000000000e+00
3.8400840156825232e+01 -9.3050507805214133e-01 0.0000000000000000e+00
4.3605898956492013e+01 -1.8265757916603964e-01 0.0000000000000000e+00
5.7342872594101422e+01 1.2634190922075224e+00 0.0000000000000000e+00
6.2864249499869175e+01 2.2716386501820129e+00 0.0000000000000000e+00
6.1566401769596013e+01 2.7660140653512957e+00 0.0000000000000000e+00
6.5523376441448676e+01 3.4028550464237650e+00 0.0000000000000000e+00
7.1188073643485609e+01 4.1566389257335734e+00 0.0000000000000000e+00
7.4215781551009556e+01 4.7662949323948816e+00 0.0000000000000000e+00
7.4903953294948252e+01 5.1345655808060275e+00 0.0000000000000000e+00
7.7624582621689711e+01 5.5600340360749403e+00 0.0000000000000000e+00
7.8835977774354461e+01 5.8110682401452660e+00 0.0000000000000000e+00
8.0263826780076172e+01 6.0246899525114097e+00 0.0000000000000000e+00
8.0901910603136812e+01 6.1150529009384798e+00 0.0000000000000000e+00
8.0308627373925049e+01 6.0330781011974555e+00 0.0000000000000000e+00
8.0362486430726833e+01 5.9267113227799779e+00 0.0000000000000000e+00
8.0379535829641085e+01 5.7425474417647369e+00 0.0000000000000000e+00
8.1531822149000334e+01 5.5464271272293022e+00 0.0000000000000000e+00
7.9973648692165909e+01 5.0208725762950372e+00 0.0000000000000000e+00
7.7418204126308297e+01 4.2675245341512440e+00 0.0000000000000000e+00
7.4437370183468801e+01 3.2348335105337021e+00 0.0000000000000000e+00
6.9914750197181377e+01 1.7744693172689010e+00 0.0000000000000000e+00
6.3024841259080397e+01 -4.2503128379298226e-02 0.0000000000000000e+00
5.6534015153959608e+01 -1.2581652931905183e+00 0.0000000000000000e+00
5.2033391258896323e+01 -2.1289765206601836e+00 0.0000000000000000e+00
4.7469492510057641e+01 -2.6631058726993539e+00 0.0000000000000000e+00
4.2557291204935602e+01 -2.8221243229591439e+00 0.0000000000000000e+00
3.8982598880103410e+01 -2.8707463511597542e+00 0.0000000000000000e+00
3.6361410777661305e+01 -2.8712245648420467e+00 0.0000000000000000e+00
3.2238029912034072e+01 -2.6634532859560109e+00 0.0000000000000000e+00
3.0409902190810051e+01 -2.5768718026247215e+00 0.0000000000000000e+00
2.8695085886121021e+01 -2.4474124149955951e+00 0.0000000000000000e+00
2.7439390123746755e+01 -2.3085984142964779e+00 0.0000000000000000e+00
2.6671184426786766e+01 -2.1609484187275663e+00 0.0000000000000000e+00
2.6352736805747647e+01 -1.9904239565561699e+00 0.0000000000000000e+00
2.6739100545843286e+01 -1.7805584832009385e+00 0.0000000000000000e+00
2.8346150851279440e+01 -1.4774697965925090e+00 0.0000000000000000e+00
3.1905535946136293e+01 -9.4185218068548671e-01 0.0000000000000000e+00
4.4265295493995680e+01 1.4902795911509248e-01 0.0000000000000000e+00
5.0569888499309201e+01 1.0773420917048455e+00 0.0000000000000000e+00
4.7943169532494842e+01 1.5373655292621686e+00 0.0000000000000000e+00
5.3326991859979643e+01 2.1645831796953456e+00 0.0000000000000000e+00
6.1254734446687465e+01 2.9823638890349544e+00 0.0000000000000000e+00
6.6780942700647330e+01 3.7994426910415715e+00 0.0000000000000000e+00
6.9168722463168450e+01 4.4214246503060197e+00 0.0000000000000000e+00
7.0461159280451170e+01 4.8657881328894401e+00 0.0000000000000000e+00
7.3202599400823146e+01 5.3511738794078374e+00 0.0000000000000000e+00
7.6402700986164362e+01 5.8268228029214262e+00 0.0000000000000000e+00
7.8966557858927018e+01 6.2250120399042768e+00 0.0000000000000000e+00
8.0903635214692187e+01 6.5340702720586910e+00 0.0000000000000000e+00
8.2659823603152617e+01 6.7722978939344589e+00 0.0000000000000000e+00
8.4389513480270210e+01 6.9484334764684457e+00 0.0000000000000000e+00
8.6081979360688251e+01 7.0675702117421437e+00 0.0000000000000000e+00
8.7228655778966882e+01 7.0750941928708473e+00 0.0000000000000000e+00
8.7991163963939442e+01 6.9553994405819690e+00 0.0000000000000000e+00
8.8358871385641109e+01 6.6654866726989912e+00 0.0000000000000000e+00
8.8220348942110945e+01 6.1439069485695956e+00 0.0000000000000000e+00
8.6896015566680674e+01 5.2597693955990028e+00 0.0000000000000000e+00
8.2941997300811593e+01 3.8446596542528173e+00 0.0000000000000000e+00
7.6572327547358881e+01 2.0824949738393022e+00 0.0000000000000000e+00
6.8952087246463051e+01 4.8197922519380748e-01 0.0000000000000000e+00
6.3228716356086537e+01 -5.9894416700700215e-01 0.0000000000000000e+00
5.8152774550771433e+01 -1.3675415631284293e+00 0.0000000000000000e+00
5.2328251119312355e+01 -1.8994257644404611e+00 0.0000000000000000e+00
4.4957149142323338e+01 -2.0667092441978241e+00 0.0000000000000000e+00
4.1014086970835557e+01 -2.1998404816300758e+00 0.0000000000000000e+00
3.7384508060231902e+01 -2.2358564001482950e+00 0.0000000000000000e+00
3.4541911333592992e+01 -2.2367185650391455e+00 0.0000000000000000e+00
3.2135118719367611e+01 -2.2064171864830002e+00 0.0000000000000000e+00
3.0275761285096422e+01 -2.1655028274950028e+00 0.0000000000000000e+00
2.8873539412868432e+01 -2.1143884255401613e+00 0.0000000000000000e+00
2.7806561090537492e+01 -2.0476004846164324e+00 0.0000000000000000e+00
2.7082558565553857e+01 -1.9619821520523546e+00 0.0000000000000000e+00
2.6985998927980251e+01 -1.8596162644086742e+00 0.0000000000000000e+00
2.7514468043126964e+01 -1.7034540209134954e+00 0.0000000000000000e+00
2.9009380676774171e+01 -1.4333841394969769e+00 0.0000000000000000e+00
3.5837169470751839e+01 -9.4507919043335886e-01 0.0000000000000000e+00
4.1246720046888193e+01 -3.7490415934797450e-01 0.0000000000000000e+00
4.0829553528379975e+01 7.0047565932848319e-02 0.0000000000000000e+00
4.4180522561271076e+01 4.4046774644844994e-01 0.0000000000000000e+00
5.0930778080011159e+01 9.0512456369370831e-01 0.0000000000000000e+00
5.6623255436257985e+01 1.4689803283491236e+00 0.0000000000000000e+00
6.1099967001270919e+01 2.0764868034201616e+00 0.0000000000000000e+00
6.3002169653287076e+01 2.5177926888989686e+00 0.0000000000000000e+00
6.4441218408331224e+01 2.8558227585733267e+00 0.0000000000000000e+00
6.7052313209034295e+01 3.2278472246178720e+00 0.0000000000000000e+00
6.9511923642873768e+01 3.5658173044789918e+00 0.0000000000000000e+00
7.1385800277447245e+01 3.8608494098700148e+00 0.0000000000000000e+00
7.2961358884915725e+01 4.1234064312868064e+00 0.0000000000000000e+00
7.4395960223138147e+01 4.3471701743130637e+00 0.0000000000000000e+00
7.5789544751642580e+01 4.5310285707306566e+00 0.0000000000000000e+00
7.7403109596991342e+01 4.7004464191700910e+00 0.0000000000000000e+00
7.8168441727506163e+01 4.7859065574922344e+00 0.0000000000000000e+00
7.9218314263550880e+01 4.8424725834599629e+00 0.0000000000000000e+00
7.9580726237022787e+01 4.7863062125048694e+00 0.0000000000000000e+00
7.9812674615514837e+01 4.6174157491493455e+00 0.0000000000000000e+00
7.9339646107978737e+01 4.2564355550355355e+00 0.0000000000000000e+00
7.7727816565908043e+01 3.6143104949438563e+00 0.0000000000000000e+00
7.4352284673537056e+01 2.6684316365978198e+00 0.0000000000000000e+00
7.0386676687572816e+01 1.6656759452544350e+00 0.0000000000000000e+00
6.6439398921333648e+01 7.4896397062870101e-01 0.0000000000000000e+00
6.2744224321373757e+01 1.4138110148853918e-02 0.0000000000000000e+00
5.8835775845986312e+01 -6.0571593491983111e-01 0.0000000000000000e+00
5.4678046739856811e+01 -1.0992560132326357e+00 0.0000000000000000e+00
5.1026857066109883e+01 -1.4166835057827103e+00 0.0000000000000000e+00
4.8413273813875101e+01 -1.6484398449430013e+00 0.0000000000000000e+00
4.5646595048372248e+01 -1.7997361507672032e+00 0.0000000000000000e+00
4.1209197490741616e+01 -1.8151522543624619e+00 0.0000000000000000e+00
3.8920282571847110e+01 -1.8669532779696563e+00 0.0000000000000000e+00
3.7168841470319670e+01 -1.9020567788822946e+00 0.0000000000000000e+00
3.5802276334827710e+01 -1.9188347169699396e+00 0.0000000000000000e+00
3.4674143955725000e+01 -1.9117114807578877e+00 0.0000000000000000e+00
3.3831254182659400e+01 -1.8822676864178525e+00 0.0000000000000000e+00
3.3533187207379889e+01 -1.8333770600881238e+00 0.0000000000000000e+00
3.3818197456144837e+01 -1.7392169914999545e+00 0.0000000000000000e+00
3.4469827470045189e+01 -1.5411553184961453e+00 0.0000000000000000e+00
3.9120687621447075e+01 -1.2113487296522474e+00 0.0000000000000000e+00
4.4037560528404917e+01 -7.6188704345780855e-01 0.0000000000000000e+00
4.5026993094381723e+01 -3.4117246931452999e-01 0.0000000000000000e+00
4.6150055867670730e+01 1.8727833822962630e-03 0.0000000000000000e+00
5.0248551527244821e+01 3.6712799167468779e-01 0.0000000000000000e+00
5.4569819044273245e+01 8.0902947128145986e-01 0.0000000000000000e+00
5.8688629325271897e+01 1.3146307830760984e+00 0.0000000000000000e+00
5.9918610003156793e+01 1.6851572970897639e+00 0.0000000000000000e+00
6.0806554350773204e+01 1.9868244738726131e+00 0.0000000000000000e+00
6.2953481303127148e+01 2.3052138852255499e+00 0.0000000000000000e+00
6.5309079195978100e+01 2.6172966329513274e+00 0.0000000000000000e+00
6.6567347755448452e+01 2.8798313165496001e+00 0.0000000000000000e+00
6.8523120768848713e+01 3.1677650640766939e+00 0.0000000000000000e+00
6.9485493181299972e+01 3.3961052509712237e+00 0.0000000000000000e+00
7.0361156360255023e+01 3.5826403906323923e+00 0.0000000000000000e+00
7.2326186084190510e+01 3.7997621358533284e+00 0.0000000000000000e+00
7.3356154969584523e+01 3.9401816042761109e+00 0.0000000000000000e+00
7.3569821100461766e+01 3.9961268652775477e+00 0.0000000000000000e+00
7.3737428344819705e+01 3.9852942232586970e+00 0.0000000000000000e+00
7.3545571731144904e+01 3.8473091141933029e+00 0.0000000000000000e+00
7.2906311889252791e+01 3.5176915929103481e+00 0.0000000000000000e+00
7.1250320888308423e+01 2.8630678476765676e+00 0.0000000000000000e+00
6.8567210233980063e+01 1.9955308569463639e+00 0.0000000000000000e+00
6.5399699771437611e+01 1.0400237031558823e+00 0.0000000000000000e+00
6.2271276549068880e+01 2.0213343754263446e-01 0.0000000000000000e+00
5.9088075101651143e+01 -5.4502501644980672e-01 0.0000000000000000e+00
5.5405059121468959e+01 -1.1612460729159988e+00 0.0000000000000000e+00
5.2215434589304174e+01 -1.5615345730648771e+00 0.0000000000000000e+00
5.0017465650736014e+01 -1.8612135168266855e+00 0.0000000000000000e+00
4.7764712875542486e+01 -2.0757373824257490e+00 0.0000000000000000e+00
4.5528776947573391e+01 -2.2238993986081628e+00 0.0000000000000000e+00
4.3085670259508085e+01 -2.2992157624921932e+00 0.0000000000000000e+00
4.1083694934065029e+01 -2.3411274868098921e+00 0.0000000000000000e+00
3.6853083625683269e+01 -2.1970015491319863e+00 0.0000000000000000e+00
3.5623447779698729e+01 -2.1793412203243241e+00 0.0000000000000000e+00
3.4376881377080331e+01 -2.1136492828081104e+00 0.0000000000000000e+00
3.3786033124973379e+01 -2.0288908890515414e+00 0.0000000000000000e+00
3.4148021712592985e+01 -1.9100988660626803e+00 0.0000000000000000e+00
3.4802522554873207e+01 -1.6803458572801016e+00 0.0000000000000000e+00
3.8597540727022782e+01 -1.2642412000056642e+00 0.0000000000000000e+00
4.5187704209024659e+01 -6.7174327396618339e-01 0.0000000000000000e+00
4.7940943282879246e+01 -1.0488673529585271e-01 0.0000000000000000e+00
4.8567889028214182e+01 3.5945747356013880e-01 0.0000000000000000e+00
5.2081508026438456e+01 8.4966265843098698e-01 0.0000000000000000e+00
5.6353261308672110e+01 1.4190659693035075e+00 0.0000000000000000e+00
5.9602672633376550e+01 1.9961857884473004e+00 0.0000000000000000e+00
6.1057431992789326e+01 2.4495473564940649e+00 0.0000000000000000e+00
6.2234643817005718e+01 2.8278360808238103e+00 0.0000000000000000e+00
6.4090765325819561e+01 3.1947171595949873e+00 0.0000000000000000e+00
6.6193120390356427e+01 3.5664926075001322e+00 0.0000000000000000e+00
6.7956801757595144e+01 3.9063880218507392e+00 0.0000000000000000e+00
6.8784731399324230e+01 4.1749929376481676e+00 0.0000000000000000e+00
7.0518433441933283e+01 4.4540764153477284e+00 0.0000000000000000e+00
7.0773173622140888e+01 4.5997684029363413e+00 0.0000000000000000e+00
7.2766904904318679e+01 4.8138144886260337e+00 0.0000000000000000e+00
7.2660173326162422e+01 4.8274522016548218e+00 0.0000000000000000e+00
7.2164418147436535e+01 4.7122413744049956e+00 0.0000000000000000e+00
7.2393046670827985e+01 4.4891392913368033e+00 0.0000000000000000e+00
7.0994559521915576e+01 3.9275405605637332e+00 0.0000000000000000e+00
6.8787731915098348e+01 2.9354719415778261e+00 0.0000000000000000e+00
6.5992529947802680e+01 1.7170492095013750e+00 0.0000000000000000e+00
6.3417579127383213e+01 5.7631726415300877e-01 0.0000000000000000e+00
6.1090193240173413e+01 -3.9138906873312707e-01 0.0000000000000000e+00
5.8284686777937075e+01 -1.2376596547851133e+00 0.0000000000000000e+00
5.5555469886892880e+01 -1.7897695785300307e+00 0.0000000000000000e+00
5.3780833159927326e+01 -2.2036141071773874e+00 0.0000000000000000e+00
5.1929318304660136e+01 -2.5087088833561468e+00 0.0000000000000000e+00
4.9939846472131876e+01 -2.7217117272463542e+00 0.0000000000000000e+00
4.8074878530408391e+01 -2.8659165839243816e+00 0.0000000000000000e+00
4.6406123911461862e+01 -2.9550720818970242e+00 0.0000000000000000e+00
4.4767698204761153e+01 -2.9821073135847525e+00 0.0000000000000000e+00
4.3133635018416300e+01 -2.9497579000700584e+00 0.0000000000000000e+00
3.9560288905106162e+01 -2.7238866752635129e+00 0.0000000000000000e+00
3.8057876325512794e+01 -2.5772107416087655e+00 0.0000000000000000e+00
3.6713919976152042e+01 -2.3630027547394881e+00 0.0000000000000000e+00
3.5905482172885542e+01 -2.0952704777193563e+00 0.0000000000000000e+00
3.6126175473888054e+01 -1.7110068083213947e+00 0.0000000000000000e+00
4.0317090280863390e+01 -1.0830040763574280e+00 0.0000000000000000e+00
4.3834744432320093e+01 -4.2940684255487671e-01 0.0000000000000000e+00
4.4192220665594505e+01 9.3814831833674298e-02 0.0000000000000000e+00
4.6063625660805307e+01 5.3472268387596333e-01 0.0000000000000000e+00
5.0267610814360694e+01 1.0417122352967432e+00 0.0000000000000000e+00
5.4143934373522583e+01 1.5897026860154921e+00 0.0000000000000000e+00
5.5908242726294993e+01 2.0380200057977547e+00 0.0000000000000000e+00
5.6613486583368733e+01 2.3981843559629019e+00 0.0000000000000000e+00
5.8026402036213227e+01 2.7416762962452585e+00 0.0000000000000000e+00
5.9986902416175575e+01 3.0921688084973522e+00 0.0000000000000000e+00
6.1698659863769691e+01 3.4215186300002287e+00 0.0000000000000000e+00
6.3137978807689173e+01 3.7304859814323983e+00 0.0000000000000000e+00
6.4677491098806740e+01 4.0256974031056991e+00 0.0000000000000000e+00
6.5889114905762710e+01 4.2618898925803723e+00 0.0000000000000000e+00
6.6934654321310717e+01 4.4466013964342199e+00 0.0000000000000000e+00
6.7774702954226626e+01 4.5722709627017650e+00 0.0000000000000000e+00
6.8607108671753622e+01 4.6296703917812794e+00 0.0000000000000000e+00
6.8909147443586576e+01 4.5416667277992264e+00 0.0000000000000000e+00
6.8780206314697267e+01 4.2634929332432971e+00 0.0000000000000000e+00
6.8070226305899169e+01 3.7076424414874132e+00 0.0000000000000000e+00
6.6929189446233138e+01 2.7306887924108159e+00 0.0000000000000000e+00
6.5190500181674125e+01 1.5601081426542442e+00 0.0000000000000000e+00
6.3579498071221693e+01 4.4775425770178340e-01 0.0000000000000000e+00
6.1949030689186387e+01 -5.0344162598425157e-01 0.0000000000000000e+00
5.9834019271975109e+01 -1.3216218560208133e+00 0.0000000000000000e+00
5.7945397056045941e+01 -1.8765112238715933e+00 0.0000000000000000e+00
5.6753295003435277e+01 -2.2914213979043598e+00 0.0000000000000000e+00
5.5285432818342635e+01 -2.5918157450102441e+00 0.0000000000000000e+00
5.3638850704998312e+01 -2.8004245404138604e+00 0.0000000000000000e+00
5.1939483874039219e+01 -2.9303265044422364e+00 0.0000000000000000e+00
5.0474391429068831e+01 -3.0071436136983012e+00 0.0000000000000000e+00
4.9021694947987541e+01 -3.0233582373759682e+00 0.0000000000000000e+00
4.7607449102564303e+01 -2.9856254603912338e+00 0.0000000000000000e+00
4.4232798399664020e+01 -2.7703110615785107e+00 0.0000000000000000e+00
4.2906469172640051e+01 -2.6315846727173557e+00 0.0000000000000000e+00
4.1658736942188085e+01 -2.4445982420366845e+00 0.0000000000000000e+00
4.0954841084773058e+01 -2.2210199822539023e+00 0.0000000000000000e+00
4.0358012231723208e+01 -1.9202512634133577e+00 0.0000000000000000e+00
4.0607498900353590e+01 -1.5056451208687485e+00 0.0000000000000000e+00
4.3414137368440237e+01 -8.7670541262243973e-01 0.0000000000000000e+00
4.7269091754927224e+01 -1.6110629229432516e-01 0.0000000000000000e+00
4.8242069773418187e+01 4.1315552313200060e-01 0.0000000000000000e+00
4.9436925119964272e+01 8.9580403967979505e-01 0.0000000000000000e+00
5.1998612342064106e+01 1.4100480548849283e+00 0.0000000000000000e+00
5.5263311229378459e+01 1.9749541093283562e+00 0.0000000000000000e+00
5.6573780796754143e+01 2.3960496821737483e+00 0.0000000000000000e+00
5.7407920428248985e+01 2.7264985106512483e+00 0.0000000000000000e+00
5.8486203101322616e+01 3.0118401046422751e+00 0.0000000000000000e+00
6.0086611579525034e+01 3.3010296441227376e+00 0.0000000000000000e+00
6.1582332663910158e+01 3.5691431358546457e+00 0.0000000000000000e+00
6.2713038394436460e+01 3.7997894131743157e+00 0.0000000000000000e+00
6.4003631990940988e+01 4.0126462197876780e+00 0.0000000000000000e+00
6.4401344825931730e+01 4.1277174752218810e+00 0.0000000000000000e+00
6.5926482816923141e+01 4.2779384354407153e+00 0.0000000000000000e+00
6.6280557567658036e+01 4.3092621765441494e+00 0.0000000000000000e+00
6.6809349079449461e+01 4.2878687223534619e+00 0.0000000000000000e+00
6.7975099073300228e+01 4.2129425671019209e+00 0.0000000000000000e+00
6.8085232071896314e+01 3.9373790285420260e+00 0.0000000000000000e+00
6.8042130981466286e+01 3.4630917682606479e+00 0.0000000000000000e+00
6.7599778305888307e+01 2.6828286971191200e+00 0.0000000000000000e+00
6.6312232658757324e+01 1.7064488231305261e+00 0.0000000000000000e+00
6.4479408404840569e+01 6.5018806681161545e-01 0.0000000000000000e+00
6.2509652721283317e+01 -2.5494708718185261e-01 0.0000000000000000e+00
6.0582398567202183e+01 -1.0581075917673421e+00 0.0000000000000000e+00
5.8078385081158864e+01 -1.7376482518847147e+00 0.0000000000000000e+00
5.5862478367756587e+01 -2.2008881771361479e+00 0.0000000000000000e+00
5.4329478460081901e+01 -2.5225700991955309e+00 0.0000000000000000e+00
5.2787731368678699e+01 -2.7407155727565802e+00 0.0000000000000000e+00
5.1053885163600341e+01 -2.8690975351893107e+00 0.0000000000000000e+00
4.9417684510119599e+01 -2.9376976885679040e+00 0.0000000000000000e+00
4.7763151905994476e+01 -2.9458173966223948e+00 0.0000000000000000e+00
4.6262058530728325e+01 -2.9114546600052149e+00 0.0000000000000000e+00
4.4932415015703754e+01 -2.8428991781689859e+00 0.0000000000000000e+00
4.1769595037152342e+01 -2.6148101726603419e+00 0.0000000000000000e+00
4.0450705064323657e+01 -2.4588627524888080e+00 0.0000000000000000e+00
3.9193421464345704e+01 -2.2562844685328294e+00 0.0000000000000000e+00
3.8554824105500046e+01 -2.0333142576986121e+00 0.0000000000000000e+00
3.8329206643194816e+01 -1.7707079008198097e+00 0.0000000000000000e+00
3.8377686980602100e+01 -1.4210423001668748e+00 0.0000000000000000e+00
3.9930800974244349e+01 -9.6328689330869532e-01 0.0000000000000000e+00
4.3869402693879721e+01 -3.1427854031327729e-01 0.0000000000000000e+00
4.8415082369101654e+01 3.3761070293385764e-01 0.0000000000000000e+00
5.0310253951141654e+01 8.8178475473213591e-01 0.0000000000000000e+00
5.3166735719191848e+01 1.4069074098770107e+00 0.0000000000000000e+00
5.7015106853164205e+01 1.9827230061101242e+00 0.0000000000000000e+00
6.1053422288827448e+01 2.5970056121299154e+00 0.0000000000000000e+00
6.2459535439350603e+01 2.9937031811291295e+00 0.0000000000000000e+00
6.3603737630019296e+01 3.3170203757067762e+00 0.0000000000000000e+00
6.5072235205389319e+01 3.6051494870683309e+00 0.0000000000000000e+00
6.6546135286263493e+01 3.8700373542754347e+00 0.0000000000000000e+00
6.8359915864516935e+01 4.1361725623256094e+00 0.0000000000000000e+00
6.9729289487732515e+01 4.3563389449709380e+00 0.0000000000000000e+00
7.0499814050300017e+01 4.5064286037562367e+00 0.0000000000000000e+00
7.1166786786036255e+01 4.6116434142879434e+00 0.0000000000000000e+00
7.1775204994929339e+01 4.6783041372896603e+00 0.0000000000000000e+00
7.3447477636154076e+01 4.7768604419076057e+00 0.0000000000000000e+00
7.3850837063362860e+01 4.7445292904165592e+00 0.0000000000000000e+00
7.3683625902088522e+01 4.6025885283929044e+00 0.0000000000000000e+00
7.3254700310660738e+01 4.3445810127100408e+00 0.0000000000000000e+00
7.2467153966065965e+01 3.9258535640011845e+00 0.0000000000000000e+00
7.1034108023945947e+01 3.2748001527926136e+00 0.0000000000000000e+00
6.8916555024295732e+01 2.3380103715286573e+00 0.0000000000000000e+00
6.6108385477471586e+01 1.3414883459815090e+00 0.0000000000000000e+00
6.3072074356064192e+01 3.4229700910533928e-01 0.0000000000000000e+00
6.0159037856237390e+01 -4.1385583295834805e-01 0.0000000000000000e+00
5.7462928328885454e+01 -1.0812450223528027e+00 0.0000000000000000e+00
5.4474779362742972e+01 -1.5814562940930479e+00 0.0000000000000000e+00
5.1756964348729007e+01 -1.9174849536939609e+00 0.0000000000000000e+00
4.9682190554436602e+01 -2.1521514652173228e+00 0.0000000000000000e+00
4.7789689216782250e+01 -2.3090599909711487e+00 0.0000000000000000e+00
