0.000000000000000e+00 0.0000000000000000e+00 3.2110646428038212e+00
0.000000000000000e+00 0.0000000000000000e+00 3.2400804078615653e+00
0.000000000000000e+00 0.0000000000000000e+00 3.2446872588799995e+00
0.000000000000000e+00 0.0000000000000000e+00 3.2471715058368895e+00
0.000000000000000e+00 0.0000000000000000e+00 3.2497264967491137e+00
0.000000000000000e+00 0.0000000000000000e+00 3.2505200302479365e+00
0.000000000000000e+00 0.0000000000000000e+00 3.2585503474784745e+00
0.000000000000000e+00 0.0000000000000000e+00 3.3739916012526168e+00
0.000000000000000e+00 0.0000000000000000e+00 3.3796220840739823e+00
0.000000000000000e+00 0.0000000000000000e+00 3.3918022782980000e+00
0.000000000000000e+00 0.0000000000000000e+00 3.4117422540758642e+00
0.000000000000000e+00 0.0000000000000000e+00 3.4220948817614758e+00
0.000000000000000e+00 0.0000000000000000e+00 3.4154776359802277e+00
0.000000000000000e+00 0.0000000000000000e+00 3.3972999391154257e+00
0.000000000000000e+00 0.0000000000000000e+00 3.3621488324243876e+00
0.000000000000000e+00 0.0000000000000000e+00 3.3271542435113433e+00
0.000000000000000e+00 0.0000000000000000e+00 3.2894224521752053e+00
0.000000000000000e+00 0.0000000000000000e+00 3.2495312891331638e+00
0.000000000000000e+00 0.0000000000000000e+00 3.2127290544794551e+00
0.000000000000000e+00 0.0000000000000000e+00 3.1829572899247309e+00
0.000000000000000e+00 0.0000000000000000e+00 3.1626854777923175e+00
0.000000000000000e+00 0.0000000000000000e+00 3.1576568958354425e+00
0.000000000000000e+00 0.0000000000000000e+00 3.1719901682295646e+00
0.000000000000000e+00 0.0000000000000000e+00 3.1966813579528015e+00
0.000000000000000e+00 0.0000000000000000e+00 3.2311491817511531e+00
0.000000000000000e+00 0.0000000000000000e+00 3.2705281425424020e+00
0.000000000000000e+00 0.0000000000000000e+00 3.3136999341062729e+00
0.000000000000000e+00 0.0000000000000000e+00 3.3629744862206983e+00
0.000000000000000e+00 0.0000000000000000e+00 3.4145785002381164e+00
0.000000000000000e+00 0.0000000000000000e+00 3.4522419993401923e+00
0.000000000000000e+00 0.0000000000000000e+00 3.4964636527095694e+00
0.000000000000000e+00 0.0000000000000000e+00 3.5154182528112381e+00
0.000000000000000e+00 0.0000000000000000e+00 3.4951617057265882e+00
0.000000000000000e+00 0.0000000000000000e+00 3.4510562414790105e+00
0.000000000000000e+00 0.0000000000000000e+00 3.3681479111931591e+00
0.000000000000000e+00 0.0000000000000000e+00 3.2787434177948298e+00
0.000000000000000e+00 0.0000000000000000e+00 3.1914347697725689e+00
0.000000000000000e+00 0.0000000000000000e+00 3.1652224599530054e+00
0.000000000000000e+00 0.0000000000000000e+00 3.1027165129186285e+00
0.000000000000000e+00 0.0000000000000000e+00 3.0363092570174155e+00
0.000000000000000e+00 0.0000000000000000e+00 3.0325827053554431e+00
0.000000000000000e+00 0.0000000000000000e+00 3.0274045190363963e+00
0.000000000000000e+00 0.0000000000000000e+00 3.0211093134889513e+00
0.000000000000000e+00 0.0000000000000000e+00 3.0201793878727181e+00
0.000000000000000e+00 0.0000000000000000e+00 3.0331576022942972e+00
0.000000000000000e+00 0.0000000000000000e+00 3.0427037856727686e+00
0.000000000000000e+00 0.0000000000000000e+00 3.0434549331192802e+00
0.000000000000000e+00 0.0000000000000000e+00 3.0631884913623719e+00
0.000000000000000e+00 0.0000000000000000e+00 3.0935763014933455e+00
0.000000000000000e+00 0.0000000000000000e+00 3.1360203447484540e+00
0.000000000000000e+00 0.0000000000000000e+00 3.2092811056362800e+00
0.000000000000000e+00 0.0000000000000000e+00 3.3426820521893204e+00
0.000000000000000e+00 0.0000000000000000e+00 3.3437851227949644e+00
0.000000000000000e+00 0.0000000000000000e+00 3.3749155963744597e+00
0.000000000000000e+00 0.0000000000000000e+00 3.4086391172921222e+00
0.000000000000000e+00 0.0000000000000000e+00 3.4401808542610421e+00
0.000000000000000e+00 0.0000000000000000e+00 3.4718078603854980e+00
0.000000000000000e+00 0.0000000000000000e+00 3.5021254658089092e+00
0.000000000000000e+00 0.0000000000000000e+00 3.5759461982918435e+00
0.000000000000000e+00 0.0000000000000000e+00 3.6370138234817273e+00
0.000000000000000e+00 0.0000000000000000e+00 3.8348414372854340e+00
0.000000000000000e+00 0.0000000000000000e+00 3.8069352747663547e+00
0.000000000000000e+00 0.0000000000000000e+00 3.7702116938712309e+00
0.000000000000000e+00 0.0000000000000000e+00 3.8062672904911636e+00
0.000000000000000e+00 0.0000000000000000e+00 3.8583482930889290e+00
0.000000000000000e+00 0.0000000000000000e+00 3.8751237152848623e+00
0.000000000000000e+00 0.0000000000000000e+00 3.8637027628818479e+00
0.000000000000000e+00 0.0000000000000000e+00 3.8510406464248992e+00
0.000000000000000e+00 0.0000000000000000e+00 3.8463453667115037e+00
0.000000000000000e+00 0.0000000000000000e+00 3.8363789529589578e+00
0.000000000000000e+00 0.0000000000000000e+00 3.8064821120674277e+00
0.000000000000000e+00 0.0000000000000000e+00 3.7677409587475372e+00
0.000000000000000e+00 0.0000000000000000e+00 3.7182156312147145e+00
0.000000000000000e+00 0.0000000000000000e+00 3.6648482390538115e+00
0.000000000000000e+00 0.0000000000000000e+00 3.5956436246871930e+00
0.000000000000000e+00 0.0000000000000000e+00 3.4769526696364936e+00
0.000000000000000e+00 0.0000000000000000e+00 3.3617565378586947e+00
0.000000000000000e+00 0.0000000000000000e+00 3.1820785706236538e+00
0.000000000000000e+00 0.0000000000000000e+00 3.0358420357634053e+00
0.000000000000000e+00 0.0000000000000000e+00 3.0243535044444978e+00
0.000000000000000e+00 0.0000000000000000e+00 2.9058499444502575e+00
0.000000000000000e+00 0.0000000000000000e+00 2.7490461749722779e+00
0.000000000000000e+00 0.0000000000000000e+00 2.6142667314718220e+00
0.000000000000000e+00 0.0000000000000000e+00 2.5874657129512131e+00
0.000000000000000e+00 0.0000000000000000e+00 2.5622252916041779e+00
0.000000000000000e+00 0.0000000000000000e+00 2.4197436837044437e+00
0.000000000000000e+00 0.0000000000000000e+00 2.3192202162594859e+00
0.000000000000000e+00 0.0000000000000000e+00 2.2842067615028627e+00
0.000000000000000e+00 0.0000000000000000e+00 2.2753979739544561e+00
0.000000000000000e+00 0.0000000000000000e+00 2.3828246482149584e+00
0.000000000000000e+00 0.0000000000000000e+00 2.6595181268354922e+00
0.000000000000000e+00 0.0000000000000000e+00 3.3892556989464264e+00
0.000000000000000e+00 0.0000000000000000e+00 3.4835775745641593e+00
0.000000000000000e+00 0.0000000000000000e+00 3.4226211747077726e+00
0.000000000000000e+00 0.0000000000000000e+00 3.6877552806358906e+00
0.000000000000000e+00 0.0000000000000000e+00 4.0717610382612079e+00
0.000000000000000e+00 0.0000000000000000e+00 4.2435079580256589e+00
0.000000000000000e+00 0.0000000000000000e+00 4.2891867185095460e+00
0.000000000000000e+00 0.0000000000000000e+00 4.3917952773189919e+00
0.000000000000000e+00 0.0000000000000000e+00 4.5019385309452566e+00
0.000000000000000e+00 0.0000000000000000e+00 4.6210600680123814e+00
0.000000000000000e+00 0.0000000000000000e+00 4.6870140254122381e+00
0.000000000000000e+00 0.0000000000000000e+00 4.6801000810602291e+00
0.000000000000000e+00 0.0000000000000000e+00 4.7228217787428246e+00
0.000000000000000e+00 0.0000000000000000e+00 4.7358716765339857e+00
0.000000000000000e+00 0.0000000000000000e+00 4.7779144283912585e+00
0.000000000000000e+00 0.0000000000000000e+00 4.7518181661921268e+00
0.000000000000000e+00 0.0000000000000000e+00 4.6799227281024454e+00
0.000000000000000e+00 0.0000000000000000e+00 4.5565185102306822e+00
0.000000000000000e+00 0.0000000000000000e+00 4.3533196837641661e+00
0.000000000000000e+00 0.0000000000000000e+00 3.9975527487247220e+00
0.000000000000000e+00 0.0000000000000000e+00 3.5835744005924490e+00
0.000000000000000e+00 0.0000000000000000e+00 3.4036779985514221e+00
0.000000000000000e+00 0.0000000000000000e+00 3.1627425690292874e+00
0.000000000000000e+00 0.0000000000000000e+00 2.7478311109158655e+00
0.000000000000000e+00 0.0000000000000000e+00 2.5779040811126892e+00
0.000000000000000e+00 0.0000000000000000e+00 2.4791220526447484e+00
0.000000000000000e+00 0.0000000000000000e+00 2.3342005557992227e+00
0.000000000000000e+00 0.0000000000000000e+00 2.0975567459848654e+00
0.000000000000000e+00 0.0000000000000000e+00 1.9858988927995218e+00
0.000000000000000e+00 0.0000000000000000e+00 1.8637916845792697e+00
0.000000000000000e+00 0.0000000000000000e+00 1.7548141851687074e+00
0.000000000000000e+00 0.0000000000000000e+00 1.6495473833633447e+00
0.000000000000000e+00 0.0000000000000000e+00 1.5620549309716298e+00
0.000000000000000e+00 0.0000000000000000e+00 1.6756767409736730e+00
0.000000000000000e+00 0.0000000000000000e+00 1.9223582140852953e+00
0.000000000000000e+00 0.0000000000000000e+00 2.6601393847973291e+00
0.000000000000000e+00 0.0000000000000000e+00 2.5162300171214209e+00
0.000000000000000e+00 0.0000000000000000e+00 2.4522670654555330e+00
0.000000000000000e+00 0.0000000000000000e+00 2.7782718207254038e+00
0.000000000000000e+00 0.0000000000000000e+00 3.3687203892946860e+00
0.000000000000000e+00 0.0000000000000000e+00 3.6956052290156052e+00
0.000000000000000e+00 0.0000000000000000e+00 3.8241427323708166e+00
0.000000000000000e+00 0.0000000000000000e+00 3.8609983154503871e+00
0.000000000000000e+00 0.0000000000000000e+00 4.0849202538981242e+00
0.000000000000000e+00 0.0000000000000000e+00 4.2856017958823287e+00
0.000000000000000e+00 0.0000000000000000e+00 4.4497941350676236e+00
0.000000000000000e+00 0.0000000000000000e+00 4.5664668804897692e+00
0.000000000000000e+00 0.0000000000000000e+00 4.6608743351568114e+00
0.000000000000000e+00 0.0000000000000000e+00 4.7242244593410492e+00
0.000000000000000e+00 0.0000000000000000e+00 4.8740578791663527e+00
0.000000000000000e+00 0.0000000000000000e+00 4.9389911606831189e+00
0.000000000000000e+00 0.0000000000000000e+00 5.0131968246925727e+00
0.000000000000000e+00 0.0000000000000000e+00 5.0561976675324134e+00
0.000000000000000e+00 0.0000000000000000e+00 5.0748056427919135e+00
0.000000000000000e+00 0.0000000000000000e+00 5.0517852372786498e+00
0.000000000000000e+00 0.0000000000000000e+00 4.9318525005846441e+00
0.000000000000000e+00 0.0000000000000000e+00 4.7070297245214130e+00
0.000000000000000e+00 0.0000000000000000e+00 4.4045206193821382e+00
0.000000000000000e+00 0.0000000000000000e+00 4.0244876084436632e+00
0.000000000000000e+00 0.0000000000000000e+00 3.8199415850885585e+00
0.000000000000000e+00 0.0000000000000000e+00 3.5708507292119349e+00
0.000000000000000e+00 0.0000000000000000e+00 3.1544149038426292e+00
0.000000000000000e+00 0.0000000000000000e+00 2.8487427079663163e+00
0.000000000000000e+00 0.0000000000000000e+00 2.6299103136066502e+00
0.000000000000000e+00 0.0000000000000000e+00 2.4331318739180863e+00
0.000000000000000e+00 0.0000000000000000e+00 2.2720675974500879e+00
0.000000000000000e+00 0.0000000000000000e+00 2.1178576812410075e+00
0.000000000000000e+00 0.0000000000000000e+00 1.9747410576935593e+00
0.000000000000000e+00 0.0000000000000000e+00 1.8533264090547612e+00
0.000000000000000e+00 0.0000000000000000e+00 1.7434922951693226e+00
0.000000000000000e+00 0.0000000000000000e+00 1.6266844128091362e+00
0.000000000000000e+00 0.0000000000000000e+00 1.6207305624662516e+00
0.000000000000000e+00 0.0000000000000000e+00 1.6970665470128046e+00
0.000000000000000e+00 0.0000000000000000e+00 2.1516368072355316e+00
0.000000000000000e+00 0.0000000000000000e+00 2.2698982673426618e+00
0.000000000000000e+00 0.0000000000000000e+00 1.9679317125559610e+00
0.000000000000000e+00 0.0000000000000000e+00 2.1375398653765543e+00
0.000000000000000e+00 0.0000000000000000e+00 2.7439156456758242e+00
0.000000000000000e+00 0.0000000000000000e+00 3.0210841266163571e+00
0.000000000000000e+00 0.0000000000000000e+00 3.2417119975815725e+00
0.000000000000000e+00 0.0000000000000000e+00 3.2727087609562586e+00
0.000000000000000e+00 0.0000000000000000e+00 3.3497542986530013e+00
0.000000000000000e+00 0.0000000000000000e+00 3.5857650754980557e+00
0.000000000000000e+00 0.0000000000000000e+00 3.7426408329566159e+00
0.000000000000000e+00 0.0000000000000000e+00 3.8710354688044593e+00
0.000000000000000e+00 0.0000000000000000e+00 3.9756658364434574e+00
0.000000000000000e+00 0.0000000000000000e+00 4.0665648901555755e+00
0.000000000000000e+00 0.0000000000000000e+00 4.1496060147388976e+00
0.000000000000000e+00 0.0000000000000000e+00 4.2591694618949916e+00
0.000000000000000e+00 0.0000000000000000e+00 4.3379570820841424e+00
0.000000000000000e+00 0.0000000000000000e+00 4.4151153973633681e+00
0.000000000000000e+00 0.0000000000000000e+00 4.4815539747699535e+00
0.000000000000000e+00 0.0000000000000000e+00 4.5380955570439641e+00
0.000000000000000e+00 0.0000000000000000e+00 4.5765650616459101e+00
0.000000000000000e+00 0.0000000000000000e+00 4.5556647548608504e+00
0.000000000000000e+00 0.0000000000000000e+00 4.4892932499235192e+00
0.000000000000000e+00 0.0000000000000000e+00 4.3802481347025601e+00
0.000000000000000e+00 0.0000000000000000e+00 4.2639250493444578e+00
0.000000000000000e+00 0.0000000000000000e+00 4.0942948177997875e+00
0.000000000000000e+00 0.0000000000000000e+00 3.9202721471124553e+00
0.000000000000000e+00 0.0000000000000000e+00 3.6921674896533876e+00
0.000000000000000e+00 0.0000000000000000e+00 3.3294236486449913e+00
0.000000000000000e+00 0.0000000000000000e+00 3.2007661231315270e+00
0.000000000000000e+00 0.0000000000000000e+00 3.0756249852183237e+00
0.000000000000000e+00 0.0000000000000000e+00 2.9264671688470281e+00
0.000000000000000e+00 0.0000000000000000e+00 2.7231182363574300e+00
0.000000000000000e+00 0.0000000000000000e+00 2.5778392558701375e+00
0.000000000000000e+00 0.0000000000000000e+00 2.4564671701587169e+00
0.000000000000000e+00 0.0000000000000000e+00 2.3314615552357343e+00
0.000000000000000e+00 0.0000000000000000e+00 2.2230905841973412e+00
0.000000000000000e+00 0.0000000000000000e+00 2.1244371316042634e+00
0.000000000000000e+00 0.0000000000000000e+00 2.1038220365201528e+00
0.000000000000000e+00 0.0000000000000000e+00 2.0962870747484930e+00
0.000000000000000e+00 0.0000000000000000e+00 2.3186684529617185e+00
0.000000000000000e+00 0.0000000000000000e+00 2.5738454209420660e+00
0.000000000000000e+00 0.0000000000000000e+00 2.3115965831437544e+00
0.000000000000000e+00 0.0000000000000000e+00 2.4049507318122516e+00
0.000000000000000e+00 0.0000000000000000e+00 2.7429558259571336e+00
0.000000000000000e+00 0.0000000000000000e+00 2.9516791193849650e+00
0.000000000000000e+00 0.0000000000000000e+00 3.1518096986250805e+00
0.000000000000000e+00 0.0000000000000000e+00 3.1201138694906803e+00
0.000000000000000e+00 0.0000000000000000e+00 3.2100798459526128e+00
0.000000000000000e+00 0.0000000000000000e+00 3.3321021071629495e+00
0.000000000000000e+00 0.0000000000000000e+00 3.4626127044194988e+00
0.000000000000000e+00 0.0000000000000000e+00 3.5539401527135759e+00
0.000000000000000e+00 0.0000000000000000e+00 3.6552997473093054e+00
0.000000000000000e+00 0.0000000000000000e+00 3.7203524095078104e+00
0.000000000000000e+00 0.0000000000000000e+00 3.7849101164776875e+00
0.000000000000000e+00 0.0000000000000000e+00 3.8830838215482721e+00
0.000000000000000e+00 0.0000000000000000e+00 3.9555413329609319e+00
0.000000000000000e+00 0.0000000000000000e+00 4.0206816544457062e+00
0.000000000000000e+00 0.0000000000000000e+00 4.0796096466773468e+00
0.000000000000000e+00 0.0000000000000000e+00 4.1298269469537114e+00
0.000000000000000e+00 0.0000000000000000e+00 4.1667719862919439e+00
0.000000000000000e+00 0.0000000000000000e+00 4.1579025151055591e+00
0.000000000000000e+00 0.0000000000000000e+00 4.1288744045897205e+00
0.000000000000000e+00 0.0000000000000000e+00 4.0675912575378144e+00
0.000000000000000e+00 0.0000000000000000e+00 3.9911234849870043e+00
0.000000000000000e+00 0.0000000000000000e+00 3.8934292143579903e+00
0.000000000000000e+00 0.0000000000000000e+00 3.7257752826918851e+00
0.000000000000000e+00 0.0000000000000000e+00 3.4196572758947323e+00
0.000000000000000e+00 0.0000000000000000e+00 3.3556772401527293e+00
0.000000000000000e+00 0.0000000000000000e+00 3.2938401673808895e+00
0.000000000000000e+00 0.0000000000000000e+00 3.2180564881522713e+00
0.000000000000000e+00 0.0000000000000000e+00 3.0160598399884027e+00
0.000000000000000e+00 0.0000000000000000e+00 2.9035902177976332e+00
0.000000000000000e+00 0.0000000000000000e+00 2.7048983035521834e+00
0.000000000000000e+00 0.0000000000000000e+00 2.5775934236211300e+00
0.000000000000000e+00 0.0000000000000000e+00 2.4007196308024592e+00
0.000000000000000e+00 0.0000000000000000e+00 2.2458523986038692e+00
0.000000000000000e+00 0.0000000000000000e+00 2.1628637711380461e+00
0.000000000000000e+00 0.0000000000000000e+00 2.1573491820373700e+00
0.000000000000000e+00 0.0000000000000000e+00 2.3069057933538484e+00
0.000000000000000e+00 0.0000000000000000e+00 2.6413034990488291e+00
0.000000000000000e+00 0.0000000000000000e+00 2.4106899881227619e+00
0.000000000000000e+00 0.0000000000000000e+00 2.4576160255492510e+00
0.000000000000000e+00 0.0000000000000000e+00 2.7472326376950957e+00
0.000000000000000e+00 0.0000000000000000e+00 2.9759882654214072e+00
0.000000000000000e+00 0.0000000000000000e+00 3.1271383453126105e+00
0.000000000000000e+00 0.0000000000000000e+00 3.1688601279039763e+00
0.000000000000000e+00 0.0000000000000000e+00 3.2243473531928282e+00
0.000000000000000e+00 0.0000000000000000e+00 3.3203187960488485e+00
0.000000000000000e+00 0.0000000000000000e+00 3.4351067502173227e+00
0.000000000000000e+00 0.0000000000000000e+00 3.5277074003572726e+00
0.000000000000000e+00 0.0000000000000000e+00 3.6016379385629018e+00
0.000000000000000e+00 0.0000000000000000e+00 3.6761014226898845e+00
0.000000000000000e+00 0.0000000000000000e+00 3.7451407892841617e+00
0.000000000000000e+00 0.0000000000000000e+00 3.8323044298149953e+00
0.000000000000000e+00 0.0000000000000000e+00 3.9051273374049891e+00
0.000000000000000e+00 0.0000000000000000e+00 3.9592121833536473e+00
0.000000000000000e+00 0.0000000000000000e+00 4.0020638159025763e+00
0.000000000000000e+00 0.0000000000000000e+00 4.0636697866742555e+00
0.000000000000000e+00 0.0000000000000000e+00 4.0613486478335474e+00
0.000000000000000e+00 0.0000000000000000e+00 4.0462288236916129e+00
0.000000000000000e+00 0.0000000000000000e+00 4.0139514258228441e+00
0.000000000000000e+00 0.0000000000000000e+00 3.9825363406828336e+00
0.000000000000000e+00 0.0000000000000000e+00 3.8949633045045018e+00
0.000000000000000e+00 0.0000000000000000e+00 3.7390731399205022e+00
0.000000000000000e+00 0.0000000000000000e+00 3.6583761881423387e+00
0.000000000000000e+00 0.0000000000000000e+00 3.6006806173677308e+00
0.000000000000000e+00 0.0000000000000000e+00 3.5348830436277425e+00
0.000000000000000e+00 0.0000000000000000e+00 3.4523178917555990e+00
0.000000000000000e+00 0.0000000000000000e+00 3.3491287467134923e+00
0.000000000000000e+00 0.0000000000000000e+00 3.2488761850191024e+00
0.000000000000000e+00 0.0000000000000000e+00 3.0960979123568899e+00
0.000000000000000e+00 0.0000000000000000e+00 2.8682813507036675e+00
0.000000000000000e+00 0.0000000000000000e+00 2.7081441631362981e+00
0.000000000000000e+00 0.0000000000000000e+00 2.5853230429445828e+00
0.000000000000000e+00 0.0000000000000000e+00 2.4549062979939742e+00
0.000000000000000e+00 0.0000000000000000e+00 2.3303216201679717e+00
0.000000000000000e+00 0.0000000000000000e+00 2.5560077384269380e+00
0.000000000000000e+00 0.0000000000000000e+00 2.6682451917498495e+00
0.000000000000000e+00 0.0000000000000000e+00 2.3273184066099124e+00
0.000000000000000e+00 0.0000000000000000e+00 2.4088792770030993e+00
0.000000000000000e+00 0.0000000000000000e+00 2.6238780388986513e+00
0.000000000000000e+00 0.0000000000000000e+00 2.7658111043955387e+00
0.000000000000000e+00 0.0000000000000000e+00 2.8265952572635369e+00
0.000000000000000e+00 0.0000000000000000e+00 2.8753097451579368e+00
0.000000000000000e+00 0.0000000000000000e+00 2.9281142139488479e+00
0.000000000000000e+00 0.0000000000000000e+00 3.0004691759182385e+00
0.000000000000000e+00 0.0000000000000000e+00 3.0898252189233073e+00
0.000000000000000e+00 0.0000000000000000e+00 3.1582954281783109e+00
0.000000000000000e+00 0.0000000000000000e+00 3.2305880468123629e+00
0.000000000000000e+00 0.0000000000000000e+00 3.2957204015742207e+00
0.000000000000000e+00 0.0000000000000000e+00 3.3562148306419735e+00
0.000000000000000e+00 0.0000000000000000e+00 3.4239569525140494e+00
0.000000000000000e+00 0.0000000000000000e+00 3.4807016259281860e+00
0.000000000000000e+00 0.0000000000000000e+00 3.5603054408183921e+00
0.000000000000000e+00 0.0000000000000000e+00 3.6371545708391482e+00
0.000000000000000e+00 0.0000000000000000e+00 3.7140772789961907e+00
0.000000000000000e+00 0.0000000000000000e+00 3.7909249310527988e+00
0.000000000000000e+00 0.0000000000000000e+00 3.8797138343145283e+00
0.000000000000000e+00 0.0000000000000000e+00 3.9225919839062611e+00
0.000000000000000e+00 0.0000000000000000e+00 3.9450931110392511e+00
0.000000000000000e+00 0.0000000000000000e+00 3.9432561944611111e+00
0.000000000000000e+00 0.0000000000000000e+00 3.8900734878018421e+00
0.000000000000000e+00 0.0000000000000000e+00 3.8846394461017675e+00
0.000000000000000e+00 0.0000000000000000e+00 3.8440015142642134e+00
0.000000000000000e+00 0.0000000000000000e+00 3.7816319280002282e+00
0.000000000000000e+00 0.0000000000000000e+00 3.6599556826069302e+00
0.000000000000000e+00 0.0000000000000000e+00 3.6171530892714778e+00
0.000000000000000e+00 0.0000000000000000e+00 3.5384889530716741e+00
0.000000000000000e+00 0.0000000000000000e+00 3.4202969847755997e+00
0.000000000000000e+00 0.0000000000000000e+00 3.2193758978940124e+00
0.000000000000000e+00 0.0000000000000000e+00 3.0921552510246131e+00
0.000000000000000e+00 0.0000000000000000e+00 2.9688032831257747e+00
0.000000000000000e+00 0.0000000000000000e+00 2.8800016345776465e+00
0.000000000000000e+00 0.0000000000000000e+00 2.7573149358364129e+00
0.000000000000000e+00 0.0000000000000000e+00 2.6602409660993129e+00
0.000000000000000e+00 0.0000000000000000e+00 2.6489656250593661e+00
0.000000000000000e+00 0.0000000000000000e+00 2.8012981932157341e+00
0.000000000000000e+00 0.0000000000000000e+00 2.7935508457681140e+00
0.000000000000000e+00 0.0000000000000000e+00 2.7557156856968001e+00
0.000000000000000e+00 0.0000000000000000e+00 2.8046903764565876e+00
0.000000000000000e+00 0.0000000000000000e+00 2.9054356011967597e+00
0.000000000000000e+00 0.0000000000000000e+00 2.9130932211118674e+00
0.000000000000000e+00 0.0000000000000000e+00 2.8727510641404477e+00
0.000000000000000e+00 0.0000000000000000e+00 2.9022787274859150e+00
0.000000000000000e+00 0.0000000000000000e+00 2.9400723483096463e+00
0.000000000000000e+00 0.0000000000000000e+00 2.9914107125601901e+00
0.000000000000000e+00 0.0000000000000000e+00 3.0282019179912592e+00
0.000000000000000e+00 0.0000000000000000e+00 3.0700301410540254e+00
0.000000000000000e+00 0.0000000000000000e+00 3.0731092387432350e+00
0.000000000000000e+00 0.0000000000000000e+00 3.1504842634974630e+00
0.000000000000000e+00 0.0000000000000000e+00 3.1655826039539838e+00
0.000000000000000e+00 0.0000000000000000e+00 3.2165223669934333e+00
0.000000000000000e+00 0.0000000000000000e+00 3.3022249202989022e+00
0.000000000000000e+00 0.0000000000000000e+00 3.3659279679999168e+00
0.000000000000000e+00 0.0000000000000000e+00 3.4544841279184197e+00
0.000000000000000e+00 0.0000000000000000e+00 3.5582944672579107e+00
0.000000000000000e+00 0.0000000000000000e+00 3.7032024193490005e+00
0.000000000000000e+00 0.0000000000000000e+00 3.7910559859143524e+00
0.000000000000000e+00 0.0000000000000000e+00 3.8471581848039671e+00
0.000000000000000e+00 0.0000000000000000e+00 3.8832162835878110e+00
0.000000000000000e+00 0.0000000000000000e+00 3.8551913997194265e+00
0.000000000000000e+00 0.0000000000000000e+00 3.8072204002801162e+00
0.000000000000000e+00 0.0000000000000000e+00 3.7735032676132025e+00
0.000000000000000e+00 0.0000000000000000e+00 3.7341269087691358e+00
0.000000000000000e+00 0.0000000000000000e+00 3.6703953495359074e+00
0.000000000000000e+00 0.0000000000000000e+00 3.5804517322308325e+00
0.000000000000000e+00 0.0000000000000000e+00 3.3836621621000109e+00
0.000000000000000e+00 0.0000000000000000e+00 3.3342115520537985e+00
0.000000000000000e+00 0.0000000000000000e+00 3.2947640596237413e+00
0.000000000000000e+00 0.0000000000000000e+00 3.0967656994460877e+00
0.000000000000000e+00 0.0000000000000000e+00 2.9528357609597999e+00
0.000000000000000e+00 0.0000000000000000e+00 2.8528034159117217e+00
0.000000000000000e+00 0.0000000000000000e+00 2.7661134406218801e+00
0.000000000000000e+00 0.0000000000000000e+00 2.6838721098292102e+00
0.000000000000000e+00 0.0000000000000000e+00 2.6409880535468724e+00
0.000000000000000e+00 0.0000000000000000e+00 2.6066462470832419e+00
0.000000000000000e+00 0.0000000000000000e+00 2.7920845345004408e+00
0.000000000000000e+00 0.0000000000000000e+00 2.9162794961425949e+00
0.000000000000000e+00 0.0000000000000000e+00 2.8371767426315326e+00
0.000000000000000e+00 0.0000000000000000e+00 2.9242681977388085e+00
0.000000000000000e+00 0.0000000000000000e+00 2.9435265141091800e+00
0.000000000000000e+00 0.0000000000000000e+00 3.0981503977379594e+00
0.000000000000000e+00 0.0000000000000000e+00 3.1271128684656277e+00
0.000000000000000e+00 0.0000000000000000e+00 3.1413134456180822e+00
0.000000000000000e+00 0.0000000000000000e+00 3.1940792132736870e+00
0.000000000000000e+00 0.0000000000000000e+00 3.2611182306125719e+00
0.000000000000000e+00 0.0000000000000000e+00 3.3351481625330930e+00
0.000000000000000e+00 0.0000000000000000e+00 3.3715495502069635e+00
0.000000000000000e+00 0.0000000000000000e+00 3.4112949106546582e+00
0.000000000000000e+00 0.0000000000000000e+00 3.4454922046789678e+00
0.000000000000000e+00 0.0000000000000000e+00 3.4799006703099797e+00
0.000000000000000e+00 0.0000000000000000e+00 3.5268567625881944e+00
0.000000000000000e+00 0.0000000000000000e+00 3.5713474080559675e+00
0.000000000000000e+00 0.0000000000000000e+00 3.6165154372575832e+00
0.000000000000000e+00 0.0000000000000000e+00 3.6527010385082415e+00
0.000000000000000e+00 0.0000000000000000e+00 3.6920526536951357e+00
0.000000000000000e+00 0.0000000000000000e+00 3.7173447606721357e+00
0.000000000000000e+00 0.0000000000000000e+00 3.7516648915599884e+00
0.000000000000000e+00 0.0000000000000000e+00 3.8074319966779959e+00
0.000000000000000e+00 0.0000000000000000e+00 3.8160864417726241e+00
0.000000000000000e+00 0.0000000000000000e+00 3.7810517041381551e+00
0.000000000000000e+00 0.0000000000000000e+00 3.7534528423220421e+00
0.000000000000000e+00 0.0000000000000000e+00 3.6882699640026386e+00
0.000000000000000e+00 0.0000000000000000e+00 3.5250436230979996e+00
0.000000000000000e+00 0.0000000000000000e+00 3.5270050373741841e+00
0.000000000000000e+00 0.0000000000000000e+00 3.4744979217686409e+00
