1.0000000000000000e-03
3.0000000000000001e-03
7.0000000000000001e-03
1.4999999999999999e-02
3.1000000000000000e-02
6.3000000000000000e-02
1.2700000000000000e-01
1.7788208126554442e-01
2.2825011136564455e-01
2.7866684005550801e-01
3.2920389698665703e-01
3.8000938099822640e-01
4.3012998156137838e-01
4.7674277809090032e-01
5.2256065367825966e-01
5.6850934311327062e-01
6.1548247870174000e-01
6.6383408263505705e-01
7.1380836262612479e-01
7.6523715778710055e-01
8.1825519727679907e-01
8.7153024564509074e-01
9.2270123833077633e-01
9.7156768263206461e-01
1.0183294604741162e+00
1.0641571923144086e+00
1.1102287670417841e+00
1.1576838766728235e+00
1.2070949083208715e+00
1.2603164934420634e+00
1.3164641919304503e+00
1.3726292924912689e+00
1.4287943930520872e+00
1.4785423933409951e+00
1.5303025806609978e+00
1.5850734447926196e+00
1.6383282345674013e+00
1.6754677122635893e+00
1.7080278887129070e+00
1.7414912092039945e+00
1.7729020934743600e+00
1.8034790647507379e+00
1.8346155785789380e+00
1.8643754756980517e+00
1.8910456539892033e+00
1.9158837612946753e+00
1.9426381179281729e+00
1.9731027492516608e+00
2.0094358882609140e+00
2.0572498501809675e+00
2.1127040873809344e+00
2.1481805622043701e+00
2.1780768060843267e+00
2.2074935447665198e+00
2.2384815909733184e+00
2.2715094525641475e+00
2.3077825170956126e+00
2.3507393824339049e+00
2.3934436171786988e+00
2.4375291780404011e+00
2.4634645596841245e+00
2.4857723762481285e+00
2.5065937053534855e+00
2.5278263327215029e+00
2.5494443095459127e+00
2.5703660132035098e+00
2.5904994138529323e+00
2.6101979872075098e+00
2.6304273879127940e+00
2.6515376248253513e+00
2.6737800555532583e+00
2.6962281457382371e+00
2.7195450728784039e+00
2.7467859133575323e+00
2.7818761325530854e+00
2.8264039973333057e+00
2.8692977421906711e+00
2.9037420576534050e+00
2.9350955679309996e+00
2.9660852369025346e+00
2.9954846631635905e+00
3.0212385327773830e+00
3.0452978434817863e+00
3.0691910923094805e+00
3.0937880047993724e+00
3.1193694061235595e+00
3.1465586016260936e+00
3.1760506574739944e+00
3.2135273623775853e+00
3.2583710309904794e+00
3.3111205457195565e+00
3.3404935574993471e+00
3.3611603790581781e+00
3.3795853933546360e+00
3.3984879339007219e+00
3.4183508414756356e+00
3.4365018154099243e+00
3.4531428271057725e+00
3.4684861264939379e+00
3.4841075370290020e+00
3.5005448583723475e+00
3.5176621192436044e+00
3.5339977159516973e+00
3.5507461085811816e+00
3.5684586358421111e+00
3.5890600091676808e+00
3.6126674650693684e+00
3.6417566351106454e+00
3.6791560160497978e+00
3.7259360064373110e+00
3.7631980344737945e+00
3.7976797558162421e+00
3.8296002255353283e+00
3.8548781663069391e+00
3.8767407797234861e+00
3.8967911905455410e+00
3.9159160671977675e+00
3.9348598596197601e+00
3.9542083063311977e+00
3.9741987904457985e+00
3.9953633476968533e+00
4.0183192813716815e+00
4.0449307103416103e+00
4.0778929317802124e+00
4.1197244936191435e+00
4.1732412851622529e+00
4.2024804523749921e+00
4.2217988160743678e+00
4.2385518746789437e+00
4.2556967262574412e+00
4.2748541827073732e+00
4.2936801666952524e+00
4.3097428442758323e+00
4.3245918681249762e+00
4.3385016608395421e+00
4.3526686992245613e+00
4.3674429872720024e+00
4.3823176574507379e+00
4.3961348039911270e+00
4.4102696649219393e+00
4.4253316979176187e+00
4.4423059396989819e+00
4.4618347020352305e+00
4.4845252283651256e+00
4.5118659611967864e+00
4.5457179575618873e+00
4.5841569370241952e+00
4.6212937400210272e+00
4.6515769741609745e+00
4.6787891977657843e+00
4.7055140292081674e+00
4.7278467424358332e+00
4.7478059695826262e+00
4.7663483443309715e+00
4.7840791640787499e+00
4.8017180932453920e+00
4.8197173378267992e+00
4.8381840965379039e+00
4.8576388754979591e+00
4.8789495723638412e+00
4.9037848448796790e+00
4.9331133132973441e+00
4.9696268761059565e+00
5.0205539960412571e+00
5.0545744593333355e+00
5.0767675878509193e+00
5.0950028861283583e+00
5.1131711008747978e+00
5.1332930073253138e+00
5.1548700529711207e+00
5.1727384788064192e+00
5.1871643823716882e+00
5.2012250427478044e+00
5.2143339353066622e+00
5.2276772941403591e+00
5.2416481178928578e+00
5.2555761603672222e+00
5.2686239598980151e+00
5.2819505010434371e+00
5.2962116679257374e+00
5.3122945104688890e+00
5.3307244842610082e+00
5.3521091787446453e+00
5.3772397819834028e+00
5.4076716515110501e+00
5.4424079723335614e+00
5.4762145108735956e+00
5.5078791503573470e+00
5.5355871223711537e+00
5.5624098371177055e+00
5.5884484805088208e+00
5.6101119358666232e+00
5.6293740729425537e+00
5.6475091800175017e+00
5.6650880573453968e+00
5.6825894957915626e+00
5.7003476828738444e+00
5.7185952126438471e+00
5.7375463882444695e+00
5.7581052933056434e+00
5.7817024978333427e+00
5.8093792212032858e+00
5.8423197216971827e+00
5.8873307922865292e+00
5.9232241122196694e+00
5.9478660138053980e+00
5.9677940815143531e+00
5.9872895044043029e+00
6.0078788193044810e+00
6.0294779253399655e+00
6.0468632628474364e+00
6.0617012184030816e+00
6.0755636973593523e+00
6.0887743435130268e+00
6.1022196143983285e+00
6.1164442463204116e+00
6.1314319367039216e+00
6.1456287883699598e+00
6.1601458082275418e+00
6.1756031666401938e+00
6.1927164438987781e+00
6.2127065414509826e+00
6.2364995711299338e+00
6.2647899338971591e+00
6.3002082697272552e+00
6.3358941508986595e+00
6.3715506667126611e+00
6.4030599226865519e+00
6.4334525609284317e+00
6.4625301773896036e+00
6.4858356373514390e+00
6.5063033046572585e+00
6.5254570821851585e+00
6.5440777705346402e+00
6.5624764725673828e+00
6.5809823535513683e+00
6.5996614203837130e+00
6.6189296791889065e+00
6.6395360003679276e+00
6.6630118646922538e+00
6.6905025086416909e+00
6.7216192465453055e+00
6.7650543230768916e+00
6.8046879404838396e+00
6.8312797509903751e+00
6.8521130294522958e+00
6.8722122968901278e+00
6.8928531292363244e+00
6.9132042133230476e+00
6.9306837159764250e+00
6.9459594051200186e+00
6.9598203902741265e+00
6.9739255368533524e+00
6.9883764457078037e+00
7.0038617218231325e+00
7.0189671073168114e+00
7.0343962914361251e+00
7.0507761271854488e+00
7.0696195476134847e+00
7.0915550237649168e+00
7.1169079891136882e+00
7.1475051785589470e+00
7.1866543073602083e+00
7.2263373558659429e+00
7.2621745523235388e+00
7.2942804960079588e+00
7.3258411790943034e+00
7.3505801009075542e+00
7.3719377398376720e+00
7.3916980487691575e+00
7.4106371516002554e+00
7.4291378889491071e+00
7.4476018934117185e+00
7.4660596312366794e+00
7.4850154626676755e+00
7.5046993333887526e+00
7.5263265885057589e+00
7.5506489532832148e+00
7.5769691450615735e+00
7.6105696676130234e+00
7.6568607849229977e+00
7.6900619864924860e+00
7.7133900796128518e+00
7.7328205809661279e+00
7.7521826690701996e+00
7.7713186001551442e+00
7.7880363436126556e+00
7.8030784032410390e+00
7.8166100533385148e+00
7.8296399424921450e+00
7.8428596545398639e+00
7.8570503449304407e+00
7.8720662571198172e+00
7.8870774406550339e+00
7.9023895226787690e+00
7.9189626525477825e+00
7.9382304614498702e+00
7.9602681261027026e+00
7.9858754733439765e+00
8.0166184140263557e+00
8.0558804964825210e+00
8.0945685149808053e+00
8.1300696106708017e+00
8.1619706690854859e+00
8.1927368793669295e+00
8.2172341258932775e+00
8.2382372068136824e+00
8.2575701376627020e+00
8.2760812965936825e+00
8.2940148580156414e+00
8.3117309869565386e+00
8.3292352121155862e+00
8.3469192250941795e+00
8.3649414704786107e+00
8.3836077710140824e+00
8.4032117649420890e+00
8.4250271920396891e+00
8.4491355485908883e+00
8.4789978540158213e+00
8.5181197392955088e+00
8.5530017445983191e+00
8.5779680766947486e+00
8.5988919299257862e+00
8.6196281003457180e+00
8.6408584597577427e+00
8.6586831803848572e+00
8.6740135240902205e+00
8.6872856757000712e+00
8.7001143215965193e+00
8.7131385646480144e+00
8.7269376153043527e+00
8.7413852038681412e+00
8.7553342289290104e+00
8.7695426134065730e+00
8.7849937432229410e+00
8.8025884549544191e+00
8.8224262390856918e+00
8.8453148447430099e+00
8.8721864311285774e+00
8.9049900535011712e+00
8.9385428942692098e+00
8.9725341647489039e+00
9.0025352133012717e+00
9.0317275654263511e+00
9.0607982936063394e+00
9.0853484077763405e+00
9.1060661310130193e+00
9.1248790646128821e+00
9.1425815300859163e+00
9.1598392205478625e+00
9.1766552770693419e+00
9.1930422113439594e+00
9.2097145993342338e+00
9.2268257140842014e+00
9.2448070829964948e+00
9.2642796928813240e+00
9.2851913639337358e+00
9.3074372566306280e+00
9.3332317800880027e+00
9.3642271784128948e+00
9.4006637794227323e+00
9.4301256204403021e+00
9.4530167344385063e+00
9.4736427098280274e+00
9.4942369964306330e+00
9.5154061303558404e+00
9.5319220204098745e+00
9.5464429556061905e+00
9.5590666011597953e+00
9.5713273076563947e+00
9.5837622632708257e+00
9.5969038528348385e+00
9.6102420227221046e+00
9.6231533009787782e+00
9.6362027427862227e+00
9.6494944248061501e+00
9.6642167409943873e+00
9.6813141402646412e+00
9.7008637369437913e+00
9.7237578417303112e+00
9.7513182500436386e+00
9.7846382444941717e+00
9.8169186064414475e+00
9.8500146457463202e+00
9.8773804814609214e+00
9.9050729464086995e+00
9.9305368216031198e+00
9.9525716250259038e+00
9.9719429786023426e+00
9.9896581900054020e+00
1.0006383116621262e+01
