1.0036043053514024e-01
1.0036022308781262e-01
1.0096461978619684e-01
1.0088242885522523e-01
1.0077704698803218e-01
1.0099538732342414e-01
1.0126090172783514e-01
1.0242453033206528e-01
1.0264388043379150e-01
1.0300811829201999e-01
1.0256883104882945e-01
1.0176467730114430e-01
1.0103187372481945e-01
1.0055448010350844e-01
1.0023279559617031e-01
9.9981337896502889e-02
9.9749469060572082e-02
9.9590721715410988e-02
9.9467586127556726e-02
9.9380207608265478e-02
9.9273389771965953e-02
9.9105101636811729e-02
9.8862307354506185e-02
9.8659598402864965e-02
9.8609674735218117e-02
9.8777180795136574e-02
9.9152830512612852e-02
9.9653916232609802e-02
1.0064049116201591e-01
1.0172095814157003e-01
1.0286297546008243e-01
1.0365964978032659e-01
1.0399837279620938e-01
1.0367481430308097e-01
1.0287469772419156e-01
1.0209596799420735e-01
1.0140067386106058e-01
1.0063340337953477e-01
1.0000210083776043e-01
9.9804333893943400e-02
9.8751056541328430e-02
9.7884545844138360e-02
9.6997707030985245e-02
9.6355813626693501e-02
9.5808812904690399e-02
9.5517850516684738e-02
9.5396280224050653e-02
9.5442401840929905e-02
9.5688999309628750e-02
9.6246035566743729e-02
9.7323926866163576e-02
9.8479392009242883e-02
9.9137792279400491e-02
9.8776223343003983e-02
9.8724264664452388e-02
9.8715373135071366e-02
9.8787323608865690e-02
9.8998305578382406e-02
9.9543822553712635e-02
1.0048982931536801e-01
1.0210145393585701e-01
1.0254514346436572e-01
1.0450199290171160e-01
1.0567450867085332e-01
1.0655206440977598e-01
1.0734386876430928e-01
1.0806089002066264e-01
1.0870109725053789e-01
1.0922521991321138e-01
1.0957709451292869e-01
1.0974878571319312e-01
1.0968022963552969e-01
1.0934092470182910e-01
1.0861475646277591e-01
1.0772684383368195e-01
1.0628460449130114e-01
1.0383102754348736e-01
1.0181595819615583e-01
1.0032449255954136e-01
9.8431842155750848e-02
9.6494051662526281e-02
9.2518712076917350e-02
8.9139389975398359e-02
8.6043232841715750e-02
8.3406068865645666e-02
8.1206241130475074e-02
7.9335590971501599e-02
7.5453686836184863e-02
7.6049583783161567e-02
7.8955558403260004e-02
8.5524710442823615e-02
9.7365556715553525e-02
1.0215550297303225e-01
1.0939587256132544e-01
1.1415500975511915e-01
1.1826194040328819e-01
1.2207603647598433e-01
1.2267889353124137e-01
1.2319583838784286e-01
1.2962422562210885e-01
1.2936164582729184e-01
1.2878615768675353e-01
1.2775423559284171e-01
1.2292330288966129e-01
1.2232084190409567e-01
1.2173362853678298e-01
1.2669763010389190e-01
1.2465495906361279e-01
1.2124899379164253e-01
1.1707083142713386e-01
1.1148078036823851e-01
1.0869166291658090e-01
1.0292748041950110e-01
9.7993859136247849e-02
9.4665522479991882e-02
8.9526184155283628e-02
8.4706542939943924e-02
8.0248526961059732e-02
7.2870739008928667e-02
6.9345981703654608e-02
6.6873676286543171e-02
6.5284879753295694e-02
6.4676101731397706e-02
6.5339021325688348e-02
6.8106177454542477e-02
7.4435264147568070e-02
8.6438988242798220e-02
9.1034362618366657e-02
9.6339535971624396e-02
1.0111544204624826e-01
1.0558954124341166e-01
1.1017511649936158e-01
1.1460911663788673e-01
1.1631077035953193e-01
1.1794240303464186e-01
1.1921725863991280e-01
1.2055652608989842e-01
1.2186033855879290e-01
1.2315661117841716e-01
1.2427912141377813e-01
1.2558655648615263e-01
1.2682210738181252e-01
1.2820321177833413e-01
1.2970127650073221e-01
1.3113641008168039e-01
1.3216450923796522e-01
1.3189003050342710e-01
1.2906985743998406e-01
1.2375412752894424e-01
1.1716431019028323e-01
1.0984551489393526e-01
1.0251603451794637e-01
9.7002411282174239e-02
8.8646601726933810e-02
8.4283783573398663e-02
8.0127223797802599e-02
7.6643830430911164e-02
7.3864103635939565e-02
7.1736790902799649e-02
7.0237159488067830e-02
6.9322199769115800e-02
6.9110809131038370e-02
7.0070699578232531e-02
7.2865811734268121e-02
7.9760988617037232e-02
8.4149329857732741e-02
8.8391706128373590e-02
9.3511856665679141e-02
9.7898356234960057e-02
1.0270969357183804e-01
1.0715396113471491e-01
1.1016178898366318e-01
1.1306566622036103e-01
1.1595489055425767e-01
1.1699495321428759e-01
1.1815908886174671e-01
1.1915395979824850e-01
1.1997517284210182e-01
1.2058646807433028e-01
1.2130817587027297e-01
1.2195748091081086e-01
1.2263150268423366e-01
1.2338112095215231e-01
1.2386922865494221e-01
1.2419226533398695e-01
1.2380807563370058e-01
1.2233781018346751e-01
1.1949208330665551e-01
1.1560902204781588e-01
1.1131427584610117e-01
1.0670343606298546e-01
1.0231751256914004e-01
9.8929918529769595e-02
9.5450372514053125e-02
9.2530666087612734e-02
8.9868636599755705e-02
8.3319899172413503e-02
8.0655036077055153e-02
7.8636375427640487e-02
7.7291335304396969e-02
7.6575660441782586e-02
7.6566669631935022e-02
7.7752828744245259e-02
8.0343801984221488e-02
8.5287189756120901e-02
8.9279104002398871e-02
9.2739880337537856e-02
9.5865040948718463e-02
9.8785938313408511e-02
1.0148407371574517e-01
1.0416207065947870e-01
1.0638283280889023e-01
1.0789975843676511e-01
1.0994054506826727e-01
1.1148835412578108e-01
1.1296747964330231e-01
1.1296187165666355e-01
1.1560506778545060e-01
1.1512475649259504e-01
1.1479097082797110e-01
1.1937134079239560e-01
1.1915539346105904e-01
1.1820679703936775e-01
1.1738748149562435e-01
1.1668243476138386e-01
1.1620915506362854e-01
1.1524097228250985e-01
1.1349659332406607e-01
1.1140285973236821e-01
1.0820085446691721e-01
1.0464274073269354e-01
1.0190287693023289e-01
9.9008055267320441e-02
9.6369129535342199e-02
9.3833496857260973e-02
9.1420927179506187e-02
8.8118923595030582e-02
8.4766783512761984e-02
7.7975161909335233e-02
7.5631484124402834e-02
7.4287973842266861e-02
7.4651225276792355e-02
7.7052309541732547e-02
8.3306300552892301e-02
8.9883311696329751e-02
9.3950525235370619e-02
9.8415739675330322e-02
1.0230208496596734e-01
1.0532747306270847e-01
1.0800790077563935e-01
1.1016985176837471e-01
1.1223713974249033e-01
1.1401419039047510e-01
1.1555228493623011e-01
1.1620316265097534e-01
1.1724247032612645e-01
1.1575569975291193e-01
1.1827280764640778e-01
1.1651059885756042e-01
1.1982077947723242e-01
1.1700737241298595e-01
1.1442359016306439e-01
1.1476787442579917e-01
1.1193011404981082e-01
1.0985950970889212e-01
1.0854348853315032e-01
1.0767440738588602e-01
1.0596598710677418e-01
1.0491642972828696e-01
1.0307234112032415e-01
1.0120415608127319e-01
9.9243807031610370e-02
9.7198695519987985e-02
9.4977436092093706e-02
9.2685610493863285e-02
9.0224292945339846e-02
8.7342145366890847e-02
8.2145994156867061e-02
8.1005653805044847e-02
8.0650853455550786e-02
8.1642438774974763e-02
8.5837915045831409e-02
8.8073445183076762e-02
9.0578434474601122e-02
9.3644616166091377e-02
9.6955418266939999e-02
1.0005273163070724e-01
1.0236477751404560e-01
1.0465800222136018e-01
1.0668956661918731e-01
1.0842259825792294e-01
1.0982926099019596e-01
1.1106312852721574e-01
1.1183242605949147e-01
1.1261358893412354e-01
1.1304995584653107e-01
1.1324870698722388e-01
1.1290326025743898e-01
1.1266158213565826e-01
1.1167854084290377e-01
1.1023820958806001e-01
1.0871519876254181e-01
1.0800134761225327e-01
1.0793846679190189e-01
1.0818989331665307e-01
1.0795383650402451e-01
1.0735305463552601e-01
1.0633710394078273e-01
1.0505269096991714e-01
1.0350468866775796e-01
1.0182087185643930e-01
9.9954316744290103e-02
9.7854214248723578e-02
9.5567156458509162e-02
9.3261526269799722e-02
8.7639574942539059e-02
8.6169851527587507e-02
8.5486170576335951e-02
8.5017781542604615e-02
8.4891161385778902e-02
8.6162764555119536e-02
8.7576873702285021e-02
8.8411504938241958e-02
8.9804325414749309e-02
9.1655337425810904e-02
9.3355442636517821e-02
9.4601626744980280e-02
9.5514508983122776e-02
9.6765649188652852e-02
9.8105737345379432e-02
9.9263495897784951e-02
1.0054029170136548e-01
1.0155282669888771e-01
1.0293202373873120e-01
1.0255434497962246e-01
1.0560192797379930e-01
1.0540731446892557e-01
1.0606622732385329e-01
1.0883699302662564e-01
1.0974015835109230e-01
1.1105380841128908e-01
1.1205048850786459e-01
1.1237882655980154e-01
1.1197544118482533e-01
1.1030392756039559e-01
1.0811217841901891e-01
1.0602081963072303e-01
1.0408774164003354e-01
1.0193280587331265e-01
9.9959451369818472e-02
9.7979208099674170e-02
9.6058444896687620e-02
9.4210962795099329e-02
9.2121685189410177e-02
8.9890713721307983e-02
8.4900691720633470e-02
8.3058261505619776e-02
8.1972702325099261e-02
8.0780210636491295e-02
8.1679897204121998e-02
8.1309185084068245e-02
8.6899269360803999e-02
9.0517443644704765e-02
9.2507440436992411e-02
9.6852474445762726e-02
1.0097386591787343e-01
1.0489407286397869e-01
1.0736959205522890e-01
1.0986411208478233e-01
1.1160751727468063e-01
1.1321487103114175e-01
1.1326086217236755e-01
1.1695393267459640e-01
1.1692175082147588e-01
1.1626770430217816e-01
1.1577070453202960e-01
1.1527264594272010e-01
1.1984127739426502e-01
1.1909493263244385e-01
1.1755933672715553e-01
1.1616583360450534e-01
1.1469088020787416e-01
1.1323340918246180e-01
1.1206389802039506e-01
1.1052188781526161e-01
1.0957394311799645e-01
1.0692307871927342e-01
1.0452570572291774e-01
1.0247702068131734e-01
1.0013607564608785e-01
9.7991750424861065e-02
